339.525152
337.669357
336.200157
344.7042
339.456589
337.205523
333.581572
340.532872
327.773597
340.556055
345.661619
334.401471
329.508053
313.049412
328.545957
317.189196
314.499447
333.451229
343.878747
334.50771
337.9797
340.455057
330.773717
341.228361
331.639472
336.165164
341.32959
336.758285
338.649231
323.217522
311.752796
309.921109
332.632827
337.014049
331.281996
337.467111
333.633411
332.730958
337.125012
334.847075
331.033533
339.10487
335.961116
333.192601
336.384378
327.586329
334.002426
334.824166
339.275472
331.913659
327.507959
326.420238
333.731322
330.782053
319.239632
326.303964
329.057218
326.209387
323.957348
335.752934
334.338727
337.99482
336.671335
328.813391
336.188999
333.675508
340.531225
332.770126
340.202217
320.719424
328.129275
330.884565
330.520191
333.463068
328.229707
335.316064
333.67095
323.901402
330.659267
335.481439
333.198101
326.550821
326.112059
332.263827
325.19118
327.694666
322.734672
328.373077
330.11915
326.826037
325.672553
344.241246
320.107136
331.320088
333.444724
334.835831
330.690963
332.482434
328.941786
326.794799
331.196509
343.214623
333.347152
332.692814
327.830301
331.760762
328.166239
329.562158
330.171932
326.730149
333.434243
337.749045
333.495636
327.272844
333.159362
326.893451
331.961601
336.246591
327.619496
322.589825
338.704668
316.765886
330.00617
327.209823
339.602487
330.10737
326.05949
328.511865
336.559983
333.977675
333.448237
329.019415
333.4213
331.471822
327.419766
322.374939
335.862696
340.066834
333.160682
318.415892
329.500242
328.429703
328.244059
326.64293
329.215696
330.899549
326.964307
323.429048
320.960146
329.112762
330.059487
332.661132
336.710551
333.92766
321.733273
322.572602
335.969836
331.142558
331.309702
332.220449
323.347787
322.690236
331.549222
332.655417
326.994318
330.792017
333.157999
324.747534
342.105174
326.738469
326.599404
332.141786
334.541997
340.567028
327.389199
328.405417
331.962702
328.968053
332.008954
337.879741
335.68577
333.911667
330.75335
337.590737
329.12242
335.564834
333.250096
331.09921
325.003774
333.959285
319.076691
329.176171
331.675681
322.521532
322.324942
325.42254
336.123292
329.29911
329.640565
317.024757
336.97188
333.76364
323.863622
336.070736
331.184494
341.718594
331.06065
330.370346
328.999028
328.143226
334.673682
312.516563
323.397783
315.264768
325.161759
331.451489
333.275188
333.517252
331.120996
325.427712
323.791927
331.702343
330.060135
329.153993
335.117826
331.461565
329.031055
329.940548
330.116908
329.923995
328.080714
328.469146
332.492777
320.960187
323.833034
331.591574
323.543592
327.279492
317.246271
326.429925
337.057068
323.688669
340.345029
322.578137
323.348723
325.946426
333.605255
326.542159
340.758496
323.860622
329.829461
331.081736
338.226481
331.746686
321.3217
331.570756
339.487842
330.253609
331.663963
327.333677
328.740744
328.878876
323.720395
331.803707
330.980022
332.844589
327.302278
326.626851
323.802069
332.390846
317.458265
319.091469
315.754123
328.068157
328.331092
322.273443
335.086
327.225843
330.282625
336.555821
328.735757
319.849661
323.88239
333.163135
327.077247
324.844571
338.758367
330.48707
321.552175
330.849908
327.586633
328.163328
332.498153
321.065213
323.980278
322.545135
329.385056
328.890971
330.577656
330.477785
338.226288
326.815427
322.566651
322.08473
332.320135
326.797786
322.890985
325.342964
324.740996
333.214758
325.303505
326.17857
329.54538
327.134401
327.200999
324.859757
325.322376
335.262426
330.937164
339.21569
333.383656
333.75255
332.701816
327.292373
330.373339
329.728041
333.511863
338.893953
326.004643
327.795543
330.444899
331.453411
329.866551
333.315832
331.546922
340.928565
324.203764
335.755314
340.537474
326.259396
339.392054
327.300672
327.017091
333.397198
325.784084
328.901968
334.639253
326.797394
331.763789
327.012144
330.03623
308.69798
332.816929
332.570948
328.716605
338.875289
332.597052
324.991547
334.388242
337.577018
332.469341
326.282201
331.910324
327.911644
339.322116
329.380759
324.46109
306.687937
329.866335
325.070256
328.454306
349.797479
344.941169
339.79984
333.105445
327.711482
335.39517
329.377947
324.168564
334.374459
339.41737
340.34326
324.926519
331.601265
332.8436
333.292463
335.051912
327.54557
335.28109
338.830303
326.925363
334.68128
328.24589
334.611803
335.18613
330.280333
312.231616
333.894012
320.541101
328.506569
325.481696
326.112015
329.600727
321.869349
305.758669
338.368276
313.713037
312.816229
319.046959
316.310502
306.635205
320.852855
343.557074
335.080765
339.314739
312.477194
317.488928
332.851029
328.256022
339.820488
330.241789
330.773286
332.474225
333.567365
340.445099
326.976257
330.084362
333.286331
342.557778
337.930057
306.976904
317.023813
308.60476
335.23008
334.076819
340.019882
331.55934
338.778089
333.697771
336.759269
336.347586
334.296097
332.743794
338.14433
333.891085
340.744046
306.546775
306.713165
334.61665
333.40244
330.772965
332.820121
331.569931
334.153728
341.131638
336.571056
337.134708
340.936598
339.263108
342.032174
330.612267
341.1915
309.961392
315.517197
339.990749
336.581801
346.051268
338.746037
332.948606
334.9998
338.62713
333.837411
337.456546
332.288237
343.482072
337.697165
344.077072
304.878761
307.18903
338.939495
335.202172
339.37679
336.366099
338.579243
322.823819
319.508728
340.962423
346.811318
332.56075
331.904252
336.421893
337.920269
337.657958
312.699851
313.219292
330.309463
342.664538
336.076319
335.800231
332.578285
341.657897
333.983914
339.146413
335.103365
331.805428
342.130215
327.795429
329.283649
336.355032
308.608626
307.808299
332.260327
337.295511
334.215495
336.442726
334.703464
333.926977
333.39801
323.561283
330.947999
340.529195
331.528237
330.37716
331.43283
332.33242
308.82939
306.04875
335.287224
328.927215
338.911226
330.359254
343.204633
326.831284
325.537061
331.563274
322.345972
328.95852
320.005488
326.272734
328.959843
325.327287
310.229109
312.922206
326.605254
336.728139
336.235934
317.049268
305.515598
330.911022
318.369517
316.293103
330.465945
320.437421
321.979481
313.387878
322.220208
314.836072
306.323539
314.804549
319.989388
323.16857
321.034052
332.116796
319.923053
318.931848
324.109015
321.758803
327.039403
319.993211
330.355789
332.49487
333.862541
321.358512
304.1037
320.74924
308.41054
321.859594
326.313481
317.883214
328.41043
335.269629
326.005459
327.247974
327.400056
326.58346
326.854557
324.099166
314.328974
327.72014
312.490687
317.599061
336.822038
339.46534
342.728545
340.734339
341.536597
335.784479
337.673059
339.032505
334.043897
329.405333
337.897752
339.793088
336.348812
303.316101
304.02532
335.640398
338.01666
335.626798
336.804319
330.308597
337.297865
329.25967
332.357703
318.952252
315.444529
344.074302
337.641788
335.60874
338.071716
302.704367
306.612159
339.314955
330.908215
339.341984
339.55354
335.639374
336.91159
337.876625
343.430566
339.004474
337.949233
336.896716
330.736792
332.707021
337.541771
307.048303
311.562151
333.118332
341.933144
340.893725
345.307162
328.29186
328.006821
326.845364
336.221453
333.379809
335.362023
338.676963
335.947962
342.550981
336.350613
309.576201
310.820392
332.212508
336.901932
330.947788
340.637107
330.450123
345.207965
334.417341
336.239463
321.850892
331.330094
327.870251
328.76027
329.713575
322.235195
307.053635
307.662346
340.362502
339.53981
331.581767
335.130788
338.459495
333.758686
336.738867
340.166749
337.310095
337.381137
335.591836
328.652418
336.262321
329.522659
312.224849
308.72116
332.045744
327.50573
305.51424
310.133122
337.346784
337.549336
331.158794
330.259536
333.111662
330.842386
333.998548
334.611915
336.794711
338.101927
302.76408
309.161471
335.5342
328.761729
336.3353
339.125037
335.464979
332.72542
334.406983
330.033015
345.155532
338.007886
332.160437
337.760253
337.190458
338.947994
310.805396
305.558138
343.472048
331.904791
335.286158
334.478263
340.981052
331.985061
342.635436
338.266219
342.719358
320.097588
342.726856
329.355034
337.71811
334.665285
310.167077
308.41332
341.902038
335.210014
335.746708
335.797567
337.141028
342.185476
334.829179
333.396537
339.8389
340.629007
343.051456
339.141015
341.698841
336.985574
309.472482
305.742665
325.901223
313.263006
325.203977
328.234291
335.248829
329.139472
335.283648
329.729903
326.502602
321.415343
323.862337
338.051652
337.164732
336.794433
303.606563
310.842355
327.024325
334.832718
334.320944
330.8814
333.317694
333.332431
329.315203
335.183995
338.148187
334.205807
329.419083
339.348148
333.575376
336.821838
342.160989
310.69774
339.936909
333.50616
329.859629
337.758579
331.73434
327.220382
333.093772
339.854276
332.272298
330.970083
331.064611
338.780085
337.328682
307.120585
311.862762
338.068878
336.091064
336.150283
332.940594
334.188652
332.867749
321.225711
334.320159
351.930207
327.221471
352.047004
303.615966
304.879135
305.453051
300.38592
305.446215
303.72375
307.276259
301.996631
302.889551
309.325184
307.078289
304.614196
302.20689
302.466766
318.380627
305.599118
302.556897
305.885492
306.040905
304.252298
306.6948
302.254075
302.518659
302.206037
308.159596
301.955713
299.152537
305.202844
310.949696
306.056817
302.027429
309.259169
305.27659
306.863752
312.285091
311.387116
361.976912
319.456193
308.567273
302.71633
301.98756
324.420229
323.906488
324.32315
310.878248
306.03143
306.068441
306.087444
308.213148
302.34959
302.271565
308.919125
303.71035
303.810461
299.327009
306.369843
307.220336
306.112689
303.00947
301.871994
313.415137
309.029999
299.235842
306.467174
308.268268
311.360946
302.207615
303.805047
299.548828
304.929393
303.043191
302.665734
305.224283
305.675338
305.68865
302.464534
308.275347
302.725594
301.980798
308.104769
305.606587
306.953753
302.674091
306.714967
305.551844
308.839452
310.347305
304.440567
305.688011
306.98804
310.258142
299.298888
299.343104
302.15905
304.743429
304.95971
305.427167
305.087049
302.875453
302.61587
306.590621
305.686792
311.676675
308.097816
299.829378
305.470627
305.636353
299.442914
307.716617
305.175444
304.972095
301.52224
309.00109
304.686606
304.991614
300.590204
302.409502
305.820824
302.701425
313.680617
302.104254
301.949164
307.023355
326.533417
329.453048
322.239289
302.534574
304.319956
304.62021
303.205334
305.633524
306.539735
307.428257
302.326177
303.676986
307.18116
304.60384
306.229081
315.281027
311.713758
310.356338
302.541934
298.869531
317.763262
302.169915
305.509659
323.534207
307.268469
301.981145
306.004252
312.68913
311.664849
308.570754
303.26932
310.261228
303.955109
299.863271
305.444203
302.929122
308.036451
310.954776
299.265211
313.132146
305.750485
299.032266
301.978596
307.907722
302.099846
308.961354
311.565625
302.233379
302.392254
301.688449
299.320027
308.539291
301.78037
301.739527
316.71048
301.520238
308.437107
302.366244
307.985354
320.489987
301.349043
305.430109
302.54331
301.761578
308.810349
301.64038
302.557944
299.454217
305.815923
