313.18062
309.477618
299.782324
305.42967
313.720285
306.200003
311.761246
305.431963
302.227607
309.126843
306.701932
302.261185
310.520766
306.723576
313.282543
299.550059
315.408341
302.482372
307.027508
310.471484
332.313239
339.4423
329.288251
313.364801
312.94948
310.10334
303.503055
310.805469
312.181284
316.977567
311.541821
305.778189
310.373361
318.15328
305.969629
313.443132
304.940026
302.637434
303.795957
302.686996
317.736366
321.092137
312.450792
312.214416
302.052821
310.207001
321.804193
310.314194
305.364878
316.144607
317.690024
314.651077
304.641081
312.750481
324.498782
315.970457
320.861978
320.253096
312.189845
312.754203
301.765288
305.688653
329.305522
337.349979
339.491379
308.789033
331.860086
305.283703
303.941399
302.348632
307.693503
301.730697
299.72471
310.551276
309.941306
305.302562
309.728471
305.099076
308.965982
317.208119
324.922345
323.215484
317.346313
326.333608
306.014701
299.071644
307.222136
301.596712
304.488852
301.815349
317.858414
304.748158
301.999722
306.182413
301.651191
299.739916
309.414208
309.066903
302.054802
309.000946
305.150156
308.836392
314.714787
306.387586
305.679316
302.499413
313.17413
303.912157
305.684986
307.555595
301.686909
334.478253
306.279492
323.605995
306.830029
301.794244
314.600916
305.531443
302.552358
306.310181
313.042662
302.79673
308.53076
309.101036
305.467204
305.218992
304.944755
302.825123
306.314529
302.867366
306.045063
306.784891
302.409088
302.100527
308.6534
300.645699
306.572816
305.783518
305.168392
302.316609
302.853758
302.867259
305.510477
299.598138
302.708822
312.111998
308.138654
308.581113
308.890612
302.274448
309.273908
298.856245
302.356203
307.338028
308.443567
305.347041
309.109541
301.920594
310.471787
308.320762
300.043334
303.074028
305.888939
302.275844
302.327675
302.013788
309.302768
302.11374
308.660398
312.752294
308.680843
308.15842
303.760838
302.542378
302.645483
301.937208
309.197464
311.193348
303.279424
302.564625
314.496062
302.549729
314.885435
304.100809
308.076855
311.369763
304.576395
301.898116
312.609253
312.023286
302.4481
317.152297
323.580408
316.613
309.686753
302.807539
305.733716
298.835959
305.941313
305.527995
307.98188
302.302424
306.158717
301.986199
304.462945
306.866963
303.131732
312.113138
308.050925
310.438615
317.864465
338.7103
333.670161
304.317153
322.637484
302.779819
305.874098
305.260846
312.261457
308.443541
309.150733
308.735608
302.348287
301.12673
308.424494
301.79539
313.453078
299.187916
315.662382
304.858746
306.85472
308.280475
302.392129
308.551243
309.274158
304.987215
312.486242
312.638537
302.784935
305.223261
302.405444
308.071457
302.728658
302.157549
303.270183
305.239072
312.880086
308.51256
314.868948
308.666581
305.504504
302.013039
306.973866
309.251714
306.536827
302.114857
305.633615
301.956763
305.438638
315.047465
312.34987
299.926849
308.429868
307.031877
303.146982
302.266177
306.31301
316.423813
308.662544
309.433282
302.54577
305.371577
309.959628
299.588015
303.077814
311.96365
303.161075
302.514277
309.015129
302.325893
302.522376
303.158391
309.486168
307.664157
301.988522
302.720588
305.127149
305.922672
308.480199
302.968817
299.379893
307.059636
310.52232
308.351709
308.46867
302.261983
302.275687
309.074061
308.372124
302.404401
302.271936
308.410455
305.007649
302.349215
299.626477
306.54142
301.382351
310.339358
305.745335
306.441118
302.771756
316.07877
314.779279
301.961267
306.223739
301.772592
307.416322
305.477701
306.99507
309.321446
312.163196
304.040887
307.681498
302.456676
306.27996
305.153827
300.59737
302.559043
304.308642
307.63282
302.071539
302.822284
303.414868
307.023594
305.79551
308.598713
302.393256
305.814596
308.936223
302.415467
306.619374
302.520517
309.750411
301.156518
302.865677
308.687668
305.44188
299.784479
303.059593
302.039461
302.873336
305.287674
316.457241
304.697134
307.388751
299.751967
302.271267
313.651779
306.291679
302.53421
309.790375
301.89007
313.281104
302.395019
307.648511
306.545017
303.930622
308.691806
299.697016
302.148559
306.537195
303.458836
304.642993
302.804992
302.030667
306.760494
299.944967
312.6604
304.966095
301.072151
304.991455
311.620299
312.393689
303.000197
308.060988
302.69696
305.294205
302.134211
303.113811
305.647638
307.200919
304.695395
303.557827
302.744376
318.791922
303.159365
307.898617
301.90025
307.021325
302.397238
313.539678
306.956072
303.53731
310.643448
311.192737
306.764791
314.798991
343.20541
301.149592
328.945956
313.696246
299.672155
311.25253
301.776477
309.211301
302.472084
308.210263
306.94812
301.406976
302.478687
308.548876
305.853716
309.609035
305.88262
311.669347
307.973685
306.993505
305.394814
302.454509
305.288797
317.811207
305.530234
307.998727
306.039284
312.783896
323.244361
306.033863
322.259657
309.08619
304.50734
302.032399
308.474962
305.227505
307.870467
300.495867
299.948762
310.867638
304.281488
309.882842
308.892768
305.920662
302.914176
305.062224
310.232789
304.805359
307.878574
312.026443
306.337994
310.235029
306.891277
302.489604
306.116185
302.211142
305.751916
313.358642
301.111031
305.196391
304.183815
305.28963
303.026787
301.987037
309.53582
301.813221
302.582457
311.762439
322.632569
338.894675
337.820426
308.711641
301.956899
305.500374
305.513862
305.928452
309.465826
310.791971
302.087341
299.425595
302.824441
309.158657
305.648161
306.302572
304.8266
303.833884
306.649116
302.797499
311.023398
301.307081
309.554856
299.134813
307.434786
307.067283
305.294374
303.243407
302.254419
306.441502
308.629631
302.364281
314.436064
310.426925
301.709543
304.235556
302.344125
305.583555
310.490749
305.581213
303.11243
301.868296
305.286596
305.991722
319.519726
348.529044
310.530377
305.823534
302.588555
317.837369
302.577113
306.720175
311.081187
303.246948
307.676541
308.491495
308.768943
302.387856
309.430713
302.874809
315.785961
321.302033
311.47126
316.260441
310.079751
312.625996
306.482994
311.320156
302.201164
303.195435
302.776797
310.57899
312.395878
302.128624
306.250739
302.937976
307.963164
324.130624
310.487986
303.114544
304.310459
305.249251
304.087869
298.965964
310.350218
299.902241
306.139784
308.986254
306.111972
301.353602
307.377655
298.505739
302.235306
305.662221
302.036265
302.185718
306.098173
303.404326
315.294908
304.963389
307.557932
301.882487
302.570617
306.578429
311.099626
302.24101
302.675923
299.173177
305.931712
305.765828
316.079055
326.430881
327.345981
316.407224
303.975243
309.275885
306.80983
299.414038
304.72472
305.625046
307.033318
302.714085
306.821981
308.340478
302.858989
302.502838
317.288432
301.671847
310.739867
325.950669
338.845281
301.825364
328.650647
305.369145
302.893943
302.149071
311.024848
299.996193
312.068438
308.694117
305.644238
301.870291
313.699374
307.59965
309.165915
302.978021
341.805324
306.679271
318.544463
312.083911
306.04344
305.740323
308.250237
305.693255
308.270783
309.056681
298.334635
305.14387
302.195977
306.572292
301.945898
299.769779
305.78048
302.025402
322.101913
304.09186
326.846635
302.024059
305.459045
302.466802
305.919093
308.200467
301.975498
302.957727
305.748506
301.191835
305.420559
305.645648
308.741375
305.807918
302.113829
306.876115
311.910107
302.277696
306.739664
314.729707
305.703591
305.657767
305.186359
315.434665
304.659915
306.257388
308.087763
302.428389
302.007604
305.276132
305.254172
301.054876
302.514744
302.104156
302.810645
308.393025
308.976769
311.726268
302.895975
305.041171
302.423816
305.69932
307.72806
299.475489
308.879036
308.012976
308.926422
301.811854
309.155262
302.87559
302.17693
306.737692
305.938517
305.25345
303.004751
308.114955
306.414421
301.859138
305.687016
302.600487
302.701692
317.441925
307.908505
307.944112
302.657737
305.804496
302.451541
309.035919
302.851872
306.392004
305.829232
305.342343
302.514985
305.710032
305.442505
307.933545
309.567571
305.436063
305.404624
308.927912
306.102719
309.508783
306.969372
302.577216
310.37543
302.328765
307.424309
311.785168
305.491231
308.420453
313.6173
309.01504
299.829654
312.410727
302.956223
309.961067
305.268819
306.182003
310.680938
299.932593
305.795727
306.278478
312.156242
307.125982
305.849787
302.688848
304.522911
301.040804
312.146213
302.817228
310.056925
323.800892
302.596027
341.859181
306.731365
308.876049
307.776416
306.53985
307.986545
302.774988
309.621527
299.759655
302.29589
305.295789
309.868192
298.914034
309.021282
309.954744
299.476372
308.35701
305.467728
308.103458
305.498495
303.942644
306.332957
304.992536
305.71371
308.90776
301.822011
301.464501
308.553914
306.296198
302.416788
302.089945
302.515083
303.240611
305.777448
309.348441
299.105567
308.158097
302.814147
309.995603
304.88054
298.894533
298.978177
312.497855
305.670098
307.054087
308.367471
331.193002
302.493364
317.863254
307.556622
302.342555
303.265268
309.081978
306.001018
302.326171
306.341517
301.771001
305.693064
301.804908
306.722693
309.289446
305.386186
306.8618
299.225799
300.917018
306.205457
311.952677
307.038301
302.217213
312.121118
302.539329
302.459642
311.837506
306.665188
321.383437
308.930262
308.093664
303.028005
305.866509
308.215082
308.009159
312.242373
302.215387
310.47125
306.302622
306.09509
307.442732
305.324416
308.586881
301.933044
302.790331
306.723014
304.820718
311.405397
298.73604
311.95305
301.225236
317.018394
304.917071
310.626054
301.657135
307.769555
309.753565
309.431657
308.690427
302.212195
301.93509
307.207
307.112613
302.993722
301.686323
308.98621
311.015295
302.657423
305.982218
302.749368
301.73661
306.154265
305.201556
303.633442
305.135151
315.175451
299.392969
302.304605
305.636791
311.417171
310.008883
310.455804
305.509845
307.196682
305.418744
305.321623
308.687011
305.497424
310.499546
303.893301
309.626821
312.450835
301.874421
309.893675
302.532967
305.525363
302.024404
301.921628
315.325396
305.574146
305.792613
308.62187
306.977599
305.122887
311.816296
312.145473
308.848877
308.150774
307.416826
299.662546
309.066418
309.773824
304.439246
305.833739
303.587818
302.865796
306.799861
313.14817
304.920325
300.062279
299.728185
305.463245
316.472918
318.346956
311.802812
315.674113
303.188225
306.216561
310.846032
302.405245
308.670811
305.879618
302.756057
306.592763
302.505417
301.88847
307.080672
311.848052
312.075966
313.16985
317.691409
302.819558
318.406955
310.07542
306.328564
309.185667
302.629389
302.167246
308.612737
305.676406
329.140836
308.592771
331.691777
306.280072
305.529728
303.732145
299.908703
305.289417
306.034985
302.699007
309.789961
308.494549
307.292563
302.059355
306.021871
302.040119
311.921919
302.888089
302.146482
306.226599
308.09556
309.430578
315.893215
305.360446
301.919081
302.361185
307.215559
309.17101
311.025414
303.534808
299.834969
301.85522
305.661043
307.584475
303.190689
307.349096
315.743256
309.054489
301.92405
303.75063
302.69964
305.230043
311.485556
322.927492
298.338214
319.850115
313.697716
303.043229
310.13084
309.853942
305.625357
305.018364
312.15355
305.866622
308.103596
304.855544
299.711457
315.715958
307.162675
305.232114
310.670923
308.556437
307.335448
302.389703
301.189285
302.330216
308.734773
305.153645
310.138606
301.924355
302.266672
308.827552
304.709648
305.261304
308.438277
305.2298
307.792362
305.080464
313.01417
305.531127
309.012484
301.99272
317.148017
302.455508
302.276801
309.250988
301.392664
303.992111
301.664271
308.129108
305.140063
306.504416
308.785135
306.600448
301.753574
302.047447
307.540231
306.337669
304.369177
305.677524
306.069359
304.447215
302.313958
327.028987
304.900302
302.745089
301.7057
311.08627
301.810986
302.204715
308.552442
305.040133
302.096762
301.790494
303.266399
303.596815
302.701412
311.245956
302.982989
305.442006
305.090057
301.964554
304.892888
305.336853
304.438616
310.862944
301.75026
308.718731
305.159287
305.223381
308.202072
316.832062
298.938336
307.310985
308.740315
306.571729
301.975418
301.368055
302.196969
302.127233
307.703478
302.303482
307.600851
305.754192
316.357954
306.074977
305.110461
304.760952
305.560897
302.09425
306.253832
303.407767
309.322908
310.536695
298.937046
301.934643
306.326211
302.050943
302.093408
308.461515
302.390916
302.969942
302.048879
305.15229
302.626021
308.164007
302.453952
304.32457
306.558525
302.506648
304.921222
305.477598
301.903367
308.42037
302.615427
304.898074
299.337533
302.056273
302.898611
308.656457
311.323884
305.084768
308.743082
301.930368
309.27594
300.498433
307.104834
298.769325
302.514169
312.342145
312.114924
322.529758
302.469617
301.606891
310.586245
309.686532
305.153961
309.101823
308.698855
323.573563
298.975294
301.943425
307.459649
299.337658
302.925208
311.797883
302.316628
302.125094
305.47436
299.013213
305.816078
304.807909
302.673318
308.644591
307.920332
302.373968
308.844483
308.396189
305.281694
336.348072
302.548235
327.742732
302.697939
302.962121
303.350372
311.366148
302.331057
304.901048
301.194285
301.967126
302.522275
305.045053
303.687637
308.745925
302.184271
305.495951
313.497935
305.018321
308.52885
305.744234
302.150179
308.943103
318.505829
312.075615
312.709804
301.924707
305.375911
301.620667
310.773244
303.558729
305.912512
308.662114
304.993999
302.018646
308.131128
302.805351
302.122982
303.047411
301.778373
308.735334
303.551746
304.42642
308.3195
315.800423
302.025561
304.104707
304.382938
299.294148
311.170401
302.827783
320.7387
305.038896
316.306944
306.068073
305.315509
300.299225
314.846232
302.300058
301.863423
301.984802
305.685478
302.299699
305.897081
301.757974
305.67105
306.930036
306.089167
308.72485
313.053063
305.103046
305.143013
298.949666
305.665905
305.965777
301.655725
306.050285
305.632584
311.464536
302.053636
299.314329
301.965147
307.860365
304.056405
311.189095
305.008558
302.152736
302.260513
302.219367
308.071187
302.315886
301.948399
305.329179
307.754329
313.403467
305.744278
302.541405
307.927088
298.703645
301.566422
313.053025
300.040901
327.102748
299.8389
308.437789
302.185964
302.634931
305.519775
308.530074
299.095972
309.804258
303.527495
317.806496
301.452555
305.527502
301.739509
302.282233
307.511953
303.272423
302.218461
305.509221
310.524092
305.271029
302.219268
307.925818
309.092087
301.935329
306.855355
310.316353
310.836997
302.666019
301.689642
305.601667
306.134543
302.181838
308.735489
310.018352
303.602763
303.574511
305.117436
305.611718
305.903866
305.443211
302.234058
311.564428
309.255566
311.691452
301.365113
302.176226
301.665088
308.228917
302.381949
307.341629
303.10264
307.610438
302.584832
303.815505
308.308464
306.046339
300.148302
301.740747
306.643356
300.816213
312.930564
308.558952
305.266722
304.03913
304.785103
308.902039
311.01199
302.266421
308.368327
304.120821
300.57149
312.901254
307.537983
307.399131
310.322762
302.226484
304.856025
306.132395
298.932312
302.894195
301.159616
302.650413
301.33935
306.435206
301.953535
308.453474
301.990371
303.338253
301.975114
305.962446
311.31626
306.769976
339.966319
302.782271
312.96871
302.95567
306.405552
312.03429
301.510516
302.442897
301.225359
306.442406
305.4257
302.052442
305.339227
305.703883
304.528848
298.964751
310.609673
308.700827
305.618674
305.715133
306.64111
302.815366
302.280027
308.878284
313.789332
305.697711
302.014726
305.296685
305.640083
305.144568
312.757564
302.106021
313.368312
307.977915
311.053418
308.700412
310.683507
308.496518
299.313941
305.953789
301.950762
302.151864
303.406865
299.486225
306.239194
304.25292
305.721511
307.857761
302.305164
303.126753
305.046452
302.240049
305.012939
310.100427
305.484089
309.438672
308.197353
301.992984
308.317102
303.823288
301.925711
304.873707
312.87319
306.332545
305.403405
304.981802
302.652127
302.431479
328.463057
306.014223
333.210864
305.828516
302.018459
306.126165
306.743701
306.731131
301.536411
302.409369
301.506773
302.521941
304.130475
302.049016
309.349929
301.990937
301.798122
312.868718
307.407653
302.566947
301.898785
306.09362
307.526231
305.377413
302.169691
313.894177
298.89576
302.734198
301.924945
305.040443
316.69787
305.781689
301.850062
306.396791
306.227084
305.647043
307.962061
302.168181
300.699677
302.493237
310.242147
301.423177
310.248612
313.446749
309.437374
302.417699
309.505294
305.786728
299.765841
301.793256
305.121801
316.514569
305.624444
305.423318
312.769628
307.238159
306.967787
305.290166
302.096895
301.818213
303.839905
308.110065
312.183881
307.891305
301.700625
314.615084
312.202114
299.646708
308.139594
309.047889
305.272914
302.757057
309.462806
303.294347
311.525113
302.155195
304.55278
303.922608
303.10576
308.058013
301.349188
311.791408
301.97921
308.478945
302.069205
301.775048
302.595089
307.608103
305.853946
304.699234
307.939367
310.780704
312.019733
304.720872
302.232851
302.23748
307.251607
312.061767
303.107419
310.016911
304.843262
302.859383
307.217104
304.829105
333.047935
324.255908
305.043395
331.132182
308.1008
350.830708
349.980928
304.063861
331.7564
314.671495
321.787813
311.610929
304.969131
302.06017
305.34706
311.394334
304.362806
302.144084
306.414504
302.169405
305.961358
333.598009
309.01632
313.441896
310.622219
305.398168
301.90989
313.942959
305.615513
301.853001
302.5724
305.157909
308.98458
305.328947
303.941121
300.055507
298.257957
305.856739
309.91032
302.460951
311.348203
325.179868
324.388817
317.633245
306.43832
302.546416
313.11533
321.598309
302.057511
309.806911
302.032696
310.512207
306.039133
308.834784
302.156552
301.756786
306.214284
305.882341
306.016536
309.757544
307.863302
307.205971
305.785828
305.425755
302.024877
302.073405
306.570513
298.530398
305.502501
305.372169
310.563302
305.987283
306.248617
302.358418
307.487454
305.173517
328.292473
305.775287
302.313051
302.604052
301.536556
304.874831
300.312943
305.136551
302.988974
302.038254
305.046915
307.979024
302.181193
308.391502
310.342768
304.844492
313.701215
302.137015
310.933112
309.900665
305.322965
306.195486
306.862192
308.621634
302.42276
304.906025
306.274254
317.225143
301.789001
343.908119
298.78064
308.008277
304.712834
300.404872
302.445185
302.118452
303.906027
304.075202
301.855535
308.877991
305.696865
302.314512
301.960239
302.071869
304.982349
306.442
304.742544
305.684135
304.552859
315.404055
306.271902
305.800627
299.088827
301.399701
305.746916
304.081839
304.889279
305.284223
301.870748
311.557508
303.700532
306.688583
304.824254
302.475402
301.450894
301.723642
308.061638
302.16173
317.392884
308.321584
301.559666
305.176383
304.088782
306.748283
305.345693
304.024038
306.343103
306.554224
306.182794
301.506176
302.434375
302.571474
308.089189
307.371431
299.130914
309.323155
302.373138
302.730456
308.512293
301.448685
302.122195
308.389231
306.95911
303.888809
302.225961
303.528284
303.637124
307.146081
305.423426
304.970542
306.186785
305.269386
306.404684
302.642981
310.067796
306.502605
305.212146
301.251497
298.885892
303.093904
301.465378
312.932193
319.564297
302.503522
336.653457
307.928175
298.451934
304.970224
306.546161
298.963945
303.203524
308.627266
308.823287
301.38115
302.365872
307.06562
302.53179
310.191047
301.880815
304.494063
304.625877
304.735416
303.008027
306.034697
304.878066
302.229169
306.193186
325.512418
301.996919
329.60408
302.959867
308.91085
311.116821
306.282032
298.959343
299.079745
310.109867
310.524496
313.334441
323.542418
306.654349
301.605583
305.605207
311.649473
304.555163
308.580771
301.989554
307.886415
310.720814
313.440519
308.254036
305.936769
311.109286
314.560261
301.428377
302.686351
311.523724
318.060787
301.753827
309.306789
301.695857
314.326556
305.465211
302.119737
305.265593
302.064663
303.676335
309.211164
307.511558
306.187296
305.484883
311.656989
303.142368
306.506394
302.523156
305.719335
319.161879
301.838574
305.432902
302.583306
304.63605
306.333441
302.033404
303.004988
301.931689
298.120382
302.876182
303.131237
301.21348
307.942788
308.427332
305.286222
303.164698
301.433965
305.581873
301.430635
309.055138
330.06709
303.316107
331.913703
298.397906
306.614875
304.739556
307.186454
308.27243
310.94429
301.256705
303.173125
306.633825
301.9479
305.033834
308.217656
308.005472
314.894522
301.673665
303.186988
307.54268
305.775749
314.339648
306.783228
313.068866
305.959076
307.606752
302.746674
301.505524
303.24002
308.355237
301.88227
304.183087
310.172483
302.025024
315.66876
301.75592
303.200807
309.143513
305.54963
305.753502
306.393174
311.23429
301.771382
302.597781
303.756081
302.331847
302.42401
306.474657
308.000613
311.206581
298.390365
306.07823
312.118772
302.156545
301.402138
302.375115
301.761341
303.755865
310.015633
321.475672
299.723001
350.776608
302.56941
305.288899
302.205976
306.009168
308.483148
314.694865
301.77738
302.41372
314.959761
305.07211
301.853901
310.201779
305.122847
311.438374
301.861431
306.409569
314.461442
306.55846
304.881777
315.608228
304.991879
299.149419
301.451376
302.510228
305.840636
308.231523
302.297189
302.176118
302.315649
299.289945
308.329053
305.930567
301.801735
311.545858
300.823713
301.993429
308.146089
307.380772
305.295454
305.7271
304.811187
305.863048
307.032021
302.400062
305.524994
301.743621
308.976638
319.557016
305.147765
305.524004
301.869065
301.945124
305.106729
301.754193
305.366848
302.893252
301.962329
308.86104
318.148762
323.242361
318.923346
302.12823
305.048083
309.822109
303.464322
314.752219
305.753643
302.689089
306.407184
302.131042
308.470324
332.744701
301.252385
315.780655
302.490286
303.095414
302.142249
303.062721
305.555089
305.981224
303.233348
305.203613
299.553928
302.732553
311.467883
310.727256
310.116941
304.649523
305.677904
307.421397
302.527375
305.289943
302.261983
337.702188
308.808395
318.075556
308.609621
301.293589
304.295896
308.281423
312.543092
305.151598
301.943677
301.996648
303.796805
298.629846
320.429554
307.303508
302.236762
311.093814
309.348581
305.524798
299.707616
301.935488
302.255636
301.86776
305.148398
305.212271
302.389893
308.993864
298.156649
302.980583
305.405884
321.160238
299.397407
305.337419
306.738553
302.462967
302.043126
307.042919
301.870357
305.531547
303.417889
318.855936
316.233324
323.309258
315.882387
316.508264
306.471995
305.642645
303.142224
315.656584
302.785215
305.33141
305.393515
302.205292
301.78907
304.913881
310.488872
305.605272
305.017378
303.047613
301.938119
302.367847
301.648505
315.006903
303.165313
311.402546
302.633227
308.174304
306.401685
305.783364
301.4242
302.574216
308.777381
302.230797
306.366115
309.264556
343.371364
317.777527
320.966425
335.499061
326.071928
314.770425
312.239194
301.899979
303.348036
306.073787
311.684662
300.638499
311.30506
305.11714
305.05736
307.983036
305.59323
311.111451
301.969182
308.010576
301.086709
306.897159
304.530592
318.664854
299.645872
301.935391
302.785543
306.220457
300.808489
308.05603
302.656238
307.302099
307.765519
301.443885
302.558634
309.207602
307.932796
301.966782
305.323442
311.630444
305.862151
302.27822
311.295218
309.203896
304.960523
310.151414
301.893453
308.636031
308.757191
298.713409
305.645832
302.085791
305.141504
305.636692
307.204379
304.758276
305.691378
305.621361
305.757228
306.169638
301.940296
302.053997
303.436844
299.073132
301.995362
306.094358
302.989449
302.991049
307.366148
310.971158
307.680605
302.54604
302.132071
313.595398
305.079252
302.356465
302.020308
301.926588
306.470532
305.134555
306.411343
302.223904
301.806154
305.980008
305.129719
301.87046
303.053307
301.722703
302.55385
311.439536
302.835035
305.589724
305.32458
304.950365
310.302129
308.687392
305.866141
306.495211
306.545553
302.043299
298.688464
308.390504
302.701582
313.28939
304.757208
305.403068
302.695675
307.775395
303.630683
307.956832
299.141376
307.553305
306.213387
316.517954
306.347219
311.344806
305.299584
309.776128
302.154852
302.934446
304.894999
313.270614
308.543372
313.551401
299.412484
302.08463
303.148639
313.182728
304.830237
313.114494
304.199
305.474518
301.955729
308.096767
308.375316
303.981355
302.155232
305.249635
308.722131
305.764872
302.689895
304.852127
343.507092
310.273127
320.630434
310.239231
303.947748
302.032192
305.583283
301.847795
305.692162
315.368408
302.151374
311.886721
301.756904
308.351475
305.880543
305.516825
301.755254
303.475259
306.797356
308.268206
305.528874
308.843347
299.715796
302.531477
307.678525
306.19843
309.562616
303.997366
298.48436
302.937546
301.869596
309.101895
301.93025
301.985198
305.32992
301.941713
305.315551
311.453004
315.045186
316.113483
319.617674
322.947421
298.891952
323.035802
308.451183
302.342623
302.073574
302.02637
302.574246
306.811141
302.132187
304.929834
301.76464
308.898046
302.894779
345.324588
298.878889
322.861313
303.268272
304.624102
309.052704
298.807206
308.348685
305.531923
306.46555
302.173868
302.517918
301.619648
304.871177
307.339391
304.84245
305.850357
308.090076
301.947406
301.657021
306.252016
312.05381
333.55199
299.276693
317.579889
306.865757
306.052055
306.234054
305.714191
305.593299
301.999476
309.413992
302.446903
302.006979
305.471353
306.508891
308.201919
304.774581
302.334627
303.19633
308.076971
304.015217
304.126716
310.075784
306.085595
310.717833
308.283314
311.355247
304.246584
301.983106
306.510722
302.425236
310.09932
301.941332
312.340639
299.071159
302.201409
305.087616
302.564064
302.35395
305.822505
301.575868
303.330648
332.483309
306.313621
324.767697
302.301258
308.657358
303.452148
301.230703
307.160039
302.330087
302.622847
301.90966
305.672268
303.368457
305.23824
305.007582
303.171552
304.903115
304.10736
322.525261
301.875529
325.906828
298.966991
299.10953
306.017561
302.601846
302.219972
301.844868
302.47373
305.389538
301.891846
305.386163
306.607481
302.172673
302.243933
303.867624
305.106959
306.755872
309.105901
309.31023
301.382266
309.293474
315.754805
303.630538
311.082833
305.8848
302.409267
308.641211
301.64698
324.834089
298.909961
330.30555
320.562037
309.742356
349.486525
302.682566
306.041406
307.187011
317.098286
304.68313
310.188968
304.937906
302.565555
302.202958
304.810732
302.268512
302.455649
305.42099
302.915714
301.78068
307.571641
303.374233
302.920089
303.506556
301.937832
299.357512
305.481595
299.540259
302.375346
307.853263
308.591955
312.957728
308.551451
308.295396
300.611082
306.358238
305.887362
308.997113
317.190933
307.890778
305.804593
301.861172
302.801483
308.561397
303.577247
305.051224
309.013886
304.66252
302.847342
311.725812
303.916825
301.929205
302.318663
305.272774
306.190727
315.29501
311.709485
309.143225
302.952779
308.054779
305.717075
305.050501
303.059236
301.575993
305.240653
307.024891
305.986399
306.620985
307.851818
306.736921
301.758646
306.055086
302.899498
308.489719
299.055379
311.912113
303.368429
316.575665
308.408344
307.433154
308.392452
301.550852
305.845085
301.554514
302.500826
306.971825
298.967077
305.028752
310.779652
304.980512
309.834867
301.977079
305.670821
301.240186
302.206508
309.05763
311.925636
323.130501
304.894488
298.945459
299.304226
301.459402
302.224175
302.569074
301.767346
305.844528
314.2891
302.493104
308.819783
301.706303
306.775455
301.457423
302.298253
303.383957
306.607527
308.804025
303.133571
305.724509
305.272236
307.928069
305.54932
305.32628
302.351603
301.536239
305.199105
306.56776
304.303944
301.498966
305.308687
307.889669
310.168125
311.226988
302.190278
306.659302
305.663144
304.574832
344.980337
322.889777
312.375238
301.896067
308.011351
305.239915
302.72496
300.372128
308.12681
303.862503
305.462809
302.39937
305.495674
299.09912
301.952779
305.006934
303.710009
301.803655
307.003653
304.882004
306.097276
308.788002
302.320418
307.352078
302.079578
301.84407
303.551976
307.949116
319.895042
307.639396
309.61469
302.547593
301.775617
310.212726
301.19432
304.996878
305.076342
306.287772
305.596077
305.207978
300.584613
305.35206
308.417994
302.378263
308.606451
305.352368
301.826931
306.93714
308.010579
307.733658
305.31734
305.457599
305.481497
301.973234
302.792437
305.807121
303.192039
302.988758
304.918352
305.742139
302.385264
337.190133
302.274457
304.097796
308.472105
313.976037
316.245395
316.137088
308.308028
308.732665
305.932662
304.446204
302.223891
302.39496
305.152261
302.058407
298.662274
304.52918
302.75945
305.005462
310.457258
302.123259
299.35782
313.746601
302.334789
302.456747
304.150434
302.415039
305.656175
305.384552
305.734385
299.227643
308.102315
306.037563
308.586894
307.160527
305.653818
302.512131
302.946421
305.979741
311.038061
304.614815
304.599342
308.756316
307.741651
308.657993
305.294791
305.590346
305.419545
323.120814
322.036978
306.04329
305.383365
307.375243
302.835323
302.082623
303.973381
302.218171
311.212699
310.49067
304.604905
311.676211
301.740217
305.074846
301.633518
304.046494
302.077157
302.606256
305.881502
309.942206
301.969978
306.085748
311.092632
302.527275
306.310415
308.669964
305.022481
303.276515
306.8449
308.66628
308.247566
300.288435
312.414087
301.586863
321.692237
306.165505
305.136205
306.833535
303.619723
305.557666
302.289094
308.369561
321.46924
302.078661
301.43614
309.294983
301.627415
304.941922
302.538763
301.519836
298.993166
302.204314
303.258152
302.477988
306.784287
299.430839
313.984908
302.213532
303.030497
302.483468
308.287366
305.740446
307.20055
301.691598
309.44826
312.081393
299.163325
301.93037
305.687432
307.672526
338.13599
309.26432
345.865313
303.18246
330.715739
304.405698
306.253973
302.324183
307.336946
311.084148
311.542075
307.020385
302.330906
306.496626
302.958102
307.308031
303.156939
302.389892
314.147678
305.527136
298.978722
309.173433
303.542178
311.061118
309.053321
304.82388
305.493036
303.199346
303.478336
299.715919
304.787838
305.352623
307.453258
301.64968
302.337589
302.717487
305.239115
330.653103
305.156846
321.125908
312.032735
302.260119
304.162619
347.968022
302.17017
330.628557
305.463644
304.884948
302.602596
305.490605
301.946203
308.226913
301.681239
305.889791
303.331837
305.084147
305.644226
304.793131
302.536298
301.595967
312.033151
301.762325
302.000112
307.127344
302.77331
308.193984
308.728932
310.267494
302.289621
301.773649
305.181635
302.839348
314.263927
305.783838
302.2794
304.173516
306.985858
301.760896
305.599321
311.684882
305.640153
302.26736
305.121399
314.764836
303.794587
302.198767
311.301419
303.652827
298.433302
306.410353
300.042664
305.733453
308.536953
334.639432
299.169713
337.06682
302.297157
303.183442
306.896091
302.465511
302.49378
301.363723
302.307842
306.560116
302.229002
309.554164
302.381354
308.43232
304.034996
322.951623
302.346846
335.982399
303.037606
314.638169
311.335813
308.810771
301.879181
305.413734
310.512273
299.638358
312.779053
301.825542
303.347488
302.246398
303.019468
305.554189
302.313285
301.655137
302.061354
305.12126
306.236132
311.483161
320.281493
307.14018
315.018757
306.113271
302.045136
302.050631
306.028013
306.282632
307.553305
307.702458
306.395191
302.873679
303.144755
302.14341
302.278214
309.520493
306.024463
306.747464
306.591146
314.368712
305.993257
305.068417
305.355693
309.587523
299.393279
305.399756
303.857096
302.579293
302.032242
305.830036
302.381838
301.199478
305.335852
306.285318
302.936517
305.575865
312.527392
303.682558
301.549576
305.223155
306.05026
312.739983
305.708343
304.597396
302.411264
305.080877
307.001955
301.571704
302.072584
306.416721
309.96165
302.174941
303.439996
308.1646
302.456876
306.780575
308.332549
303.749278
303.260727
304.274362
302.187524
301.817587
302.053029
303.355941
301.551178
305.216318
308.067615
305.999395
314.426438
298.384018
306.359354
305.010202
301.615932
309.73421
304.06432
305.914797
302.4236
301.361837
305.646518
301.867669
305.450097
302.040632
301.630842
303.387988
304.946032
309.113803
299.673612
304.91325
306.40069
301.502882
307.639814
316.765571
304.879206
302.310465
311.995148
309.187191
303.123896
306.358846
302.714771
305.388351
302.139538
303.56575
302.258249
308.566757
306.786268
305.308253
305.655834
307.724278
301.940574
302.432807
302.171319
306.24384
303.170594
305.172246
302.23941
308.323252
302.314522
307.102887
304.626964
306.495895
305.478151
305.031638
321.362621
304.709756
307.134664
305.938422
301.857314
305.426217
298.522562
304.068706
300.037107
304.492417
302.663812
300.425456
309.400011
302.827213
300.987386
302.953686
304.06242
308.086707
310.974718
304.793508
313.840612
307.817743
302.767966
301.538928
305.337121
311.787317
319.833662
309.034732
318.726838
324.832362
305.694346
305.257481
307.83009
329.808718
303.171756
325.559557
308.433203
306.271762
302.995709
306.588716
305.815069
310.131249
311.453585
299.156732
302.847544
302.034211
305.772517
305.541972
307.864947
302.52148
303.489756
309.114524
311.122552
301.583521
302.60492
306.00751
302.337372
305.216048
308.314393
298.945303
306.159872
304.631132
306.225993
305.688879
308.155888
308.513097
307.663729
300.63955
305.58898
301.796339
305.686938
301.788444
306.160571
311.276102
300.600503
305.753117
302.055414
313.647614
301.61802
310.162851
307.219007
308.779712
302.071262
317.014145
309.692564
301.99426
312.086992
309.251766
302.368219
309.705584
315.312802
305.990118
301.865892
309.355617
302.170501
302.536766
302.10108
302.272366
307.585969
305.246784
308.441365
306.003607
301.499072
306.750417
304.694337
306.381316
305.492802
302.091448
299.504686
304.662632
300.673915
302.166157
308.869416
304.976513
302.440982
307.415627
302.675713
302.196841
302.797896
302.689578
301.672064
306.129138
305.559311
313.448459
311.655299
302.354788
312.121767
302.142234
305.555001
306.658867
308.454576
300.417268
305.219403
301.746039
301.905045
301.78082
308.354527
308.636783
306.717641
305.721322
309.095901
303.074554
305.489236
307.826208
302.201747
302.089709
302.888305
306.857545
306.978974
305.137018
301.789815
302.440969
308.519233
306.110096
301.791112
307.870486
301.667209
302.670726
301.940502
308.570096
302.601045
310.756899
302.847844
299.046326
302.117505
302.687674
312.077655
301.7508
304.675608
300.750188
305.326457
298.340915
305.582318
306.039015
305.276003
303.54369
301.546381
312.737679
312.019789
302.979592
301.093692
311.828306
306.447605
306.152706
304.471239
306.701928
302.408715
305.195231
306.334982
301.603326
302.018475
302.399648
308.67043
303.488343
306.312506
305.597612
316.358224
298.835438
305.139328
302.220145
301.670568
306.409793
301.541087
303.550264
304.537285
304.058032
305.121108
305.644039
308.677426
302.299104
311.425169
307.773319
301.584337
309.356317
305.220264
305.216457
305.286672
308.098814
303.468989
302.123448
305.276343
305.947222
324.180951
301.116285
305.327982
298.669841
305.552993
309.519304
310.769356
302.850556
308.450396
325.564142
309.474539
316.952378
311.565606
305.706037
308.254728
307.008146
302.261975
309.375492
311.801814
304.840684
306.820341
299.241667
305.782453
302.247643
310.758286
305.665842
305.708853
312.015608
302.921386
301.66183
317.782541
311.845522
301.408427
301.965956
306.431206
312.212207
301.998504
305.534844
298.961679
302.813056
303.273099
303.327082
304.882527
302.373614
302.316878
305.531008
314.859158
301.583938
315.458886
298.992475
302.131302
307.648841
306.45183
305.574829
303.038486
301.461915
305.41127
304.073214
306.41811
302.275995
306.352768
306.002296
309.123264
308.653763
302.39333
301.725054
313.918631
309.920348
305.348268
303.861461
314.469011
312.125864
314.985069
302.205586
307.819045
305.618422
303.015787
308.248195
303.381437
311.871264
308.900349
302.495824
298.926381
304.767573
306.910793
302.251755
301.789297
305.363686
305.393474
303.125694
310.029006
305.156748
305.921203
302.074758
307.002284
302.252349
301.441469
319.554921
317.485326
314.926985
305.103646
305.581785
308.914372
308.089922
302.251733
304.493368
308.251458
314.048184
302.654915
301.70521
308.472321
302.719461
307.546098
305.778809
308.093803
299.414435
302.269283
306.209264
302.204919
309.820108
302.483973
306.710975
303.937549
306.881552
304.895065
299.191563
305.537786
312.50233
301.783237
298.922365
305.118791
302.629785
302.794191
305.204108
300.333225
302.725348
302.489988
302.251421
302.267814
303.594946
303.259072
302.339523
301.928109
310.344637
309.470001
305.831174
312.067147
303.740869
308.724403
306.096617
301.632878
304.610326
301.847878
302.071133
305.793246
306.353616
305.531459
305.284546
302.25914
304.998534
299.415131
306.673
310.104095
308.379948
299.024144
302.260076
314.90874
302.349204
311.08469
305.388172
302.25521
308.728126
318.874191
328.287546
302.03332
308.931129
302.236311
305.364093
306.391252
306.689154
302.341919
302.318172
306.219041
305.337024
305.729113
309.007492
301.422805
307.450378
305.478296
305.089305
313.473627
308.7445
306.740943
308.148847
307.194678
326.693139
304.475131
338.52263
310.378613
304.974507
306.164787
306.108263
301.532363
302.412291
301.769282
306.241481
305.482675
306.918816
306.062626
298.793369
308.993076
302.791148
301.866888
302.717592
301.837323
302.088299
298.869944
306.877038
307.705977
305.301517
302.098232
313.596399
301.875194
302.910611
310.3606
302.019116
305.744834
305.08386
302.297577
307.532849
302.235016
306.476819
299.295674
305.344106
306.866668
305.219299
302.163245
308.112497
302.019976
302.02626
306.631014
304.649918
302.309781
299.664706
308.411959
302.309403
305.275652
305.587216
334.928147
302.324136
322.051887
301.843513
305.395755
301.954709
302.251972
299.060441
298.520518
303.506336
311.142525
302.575453
302.03827
302.009548
305.009785
305.546444
305.969575
302.48341
311.234571
304.917693
301.982301
302.328465
305.301503
312.441992
301.557825
302.504329
335.373028
299.825501
323.604229
302.606949
302.093314
302.488749
308.394388
305.603395
298.880477
303.454084
308.949311
310.039876
312.50644
301.50729
301.983485
307.828211
310.029821
302.005231
305.347626
306.324798
315.779835
306.310669
303.62881
312.288321
302.482343
308.806708
305.04267
315.528568
301.581704
305.374447
305.188472
302.065031
308.538286
301.996252
306.105766
301.932528
306.88085
302.39252
302.154785
305.047517
310.618037
311.512047
307.139115
311.409984
302.184342
308.830915
301.751461
301.382139
306.050647
305.009247
299.566526
304.511264
305.436512
306.356465
306.844178
305.635536
305.661267
305.008071
310.159925
301.500612
302.225208
305.519441
306.584744
302.802185
302.256399
308.717416
308.795539
309.265496
305.066083
301.789186
301.98788
302.437743
304.791726
307.987762
298.701646
343.691915
339.920417
316.403053
302.915708
310.598527
302.648521
303.127103
307.49432
303.916046
308.327102
315.817102
305.847447
307.302542
305.084252
301.634703
305.180809
321.124521
309.99142
298.881169
302.816659
312.682042
302.260405
306.551746
306.642511
308.778105
302.799953
301.805149
301.686376
308.428209
302.670866
302.83746
301.687089
306.004653
313.957146
311.107554
313.155459
307.128475
309.949757
315.74633
300.584926
312.197738
305.970873
311.421909
306.38055
301.990424
308.178135
306.247951
302.3129
317.11366
304.68135
302.238414
307.283631
301.800579
303.162019
304.262189
302.480155
303.915993
300.107647
304.151496
304.859517
302.461504
302.987571
312.089536
302.704547
308.752513
317.299898
319.363757
330.702891
303.391312
312.463326
305.292454
306.005455
305.088922
308.273233
323.301313
302.1063
306.446272
311.848197
301.901657
308.437784
321.647385
302.438336
309.854341
305.651245
308.743896
325.852233
298.89953
313.988654
304.935284
308.313715
305.524244
320.547293
299.823636
334.804146
305.730998
302.1216
312.986163
306.105773
299.955498
304.927204
304.38036
309.137897
309.190617
303.523636
307.823156
308.437846
304.933731
307.59671
303.562207
305.538873
302.116
303.178893
307.722854
302.413073
301.163109
306.518697
305.232828
302.127194
306.361402
316.411452
305.259814
305.747843
302.471314
302.791691
308.011662
303.119155
302.879814
308.004495
302.650536
299.072184
302.868707
299.689796
306.824815
307.05314
301.844983
302.085414
305.9655
301.34823
306.237939
308.202481
314.292775
305.488855
302.897741
305.019742
305.69479
311.671666
304.897321
304.508792
314.001721
303.42668
307.747727
300.558222
315.11789
308.219883
302.183084
302.669985
308.58068
307.891674
314.869768
322.251306
301.952274
302.354051
305.692271
312.586676
303.541755
306.67407
302.099449
302.331022
301.882576
308.86443
306.18158
305.329408
299.087146
301.993445
305.580949
307.529024
307.569454
305.678823
308.391324
299.252334
302.503859
305.210838
309.207061
311.481506
307.534623
303.685678
308.686593
307.834209
312.376132
307.937803
302.734116
301.807016
305.914335
302.917259
306.549342
305.306615
301.879636
306.514618
308.367987
306.132153
302.415965
306.409068
301.3619
300.956059
312.746665
317.82914
324.635678
305.21027
305.239329
308.393875
305.251927
310.949427
305.165688
315.221134
313.455476
302.007759
306.095132
302.442899
306.253167
302.582154
317.163563
308.116369
298.824533
310.007477
306.716056
304.601825
302.676386
302.648414
301.778841
303.468987
304.676029
315.594358
305.752327
307.096711
305.334177
311.378309
302.023698
308.88085
308.138058
308.363652
302.683152
302.009486
305.754667
313.754351
305.618655
305.621841
302.149945
303.674049
313.116165
302.099903
308.873415
304.929207
302.187228
306.003575
305.407751
301.951961
306.610188
305.039375
301.866899
301.955849
302.626994
301.809756
305.857294
306.583963
325.858175
302.907314
320.467895
309.001817
302.033288
305.207254
307.701499
309.689371
305.54022
300.077561
304.158381
308.458313
306.681138
305.185234
303.57247
303.735922
307.567281
302.860484
307.649349
308.271691
301.51333
306.390553
305.680091
309.668499
301.868012
305.270483
302.342373
305.068522
302.293083
308.041856
302.424637
302.15856
311.758783
311.33352
302.069317
313.849042
303.678838
304.337745
298.790039
298.969144
307.320048
302.560308
302.620147
310.13354
303.109507
302.243918
302.117721
302.223655
302.615496
302.006388
302.135735
302.135808
341.174364
348.413324
302.115712
302.7109
301.753452
302.228081
312.727384
309.305253
298.839603
303.534734
304.8372
305.915559
305.063215
308.945241
308.429555
307.936657
305.285286
301.278031
302.975272
306.899363
313.846791
302.156782
307.797868
300.103617
305.772195
304.893548
304.297817
313.686899
306.446721
305.558248
302.352681
306.443545
309.947655
305.045463
305.530972
303.202984
309.037701
308.385101
307.972341
307.164731
302.532646
306.570791
304.925961
301.759631
305.754499
307.259295
301.808418
310.078777
305.500574
302.16531
304.917707
304.763415
308.821853
307.686484
327.271858
316.418505
306.026261
302.584661
308.073671
298.756763
302.135453
305.773571
302.480119
304.61135
307.898066
306.971393
305.983115
305.121238
302.241054
302.074241
308.140813
312.905728
315.133638
298.845017
315.647343
302.34858
333.133866
309.939102
304.174323
304.284699
303.897456
312.584326
310.053304
305.676221
309.403922
303.441737
305.0323
313.926227
303.282071
335.919691
307.344739
302.46281
306.518774
298.669294
302.964671
303.248562
308.23775
305.505105
329.146232
329.667723
323.92099
326.453658
337.751341
338.533743
345.856724
340.084037
326.203458
332.847807
334.209086
338.271611
322.078725
361.435935
433.944071
420.426671
330.682802
335.336199
334.050001
320.303144
320.288617
335.414265
330.869859
363.834227
339.644793
328.60165
335.999934
364.394391
338.828371
426.039511
354.142347
341.358053
346.607946
342.600252
360.04403
352.971489
322.497033
337.130578
320.786776
331.924043
333.447729
331.631595
335.19834
321.687959
330.187006
333.701726
336.6543
353.240593
345.508974
352.803525
368.211493
329.654663
334.63621
316.415154
312.040553
325.895935
327.584271
327.010839
331.057262
329.642387
321.899346
335.021222
333.220253
331.913939
320.132113
325.361838
316.033093
325.740475
327.776121
345.493523
344.498935
349.870701
338.969486
322.375732
326.609316
319.93643
315.737224
321.669767
320.701562
313.585127
324.311205
334.449366
346.14295
349.896195
340.065906
335.819666
339.103823
320.446495
323.37348
321.681706
320.905625
330.649942
331.600387
328.054819
344.121547
333.319609
335.231213
333.903975
319.756873
322.788953
323.818662
324.523903
315.862649
323.021479
338.19088
343.211164
336.853144
334.467162
342.928553
333.514822
338.799217
329.204049
322.074956
331.991862
337.836116
337.504845
316.653589
316.215985
324.655005
310.797707
310.224952
309.052126
335.527789
345.810343
351.819525
341.221735
342.07476
333.83035
375.461048
313.067584
311.41757
326.502269
312.331043
321.140114
328.065972
329.082661
331.562416
334.626206
334.958549
324.851145
335.794437
341.648427
338.966693
345.194534
339.664648
343.662225
362.546411
337.399471
329.513144
330.293331
323.889469
333.335473
333.101261
343.586581
356.76301
328.878064
333.425047
337.559501
329.981579
330.454934
321.403382
329.616104
320.096562
324.478045
330.612671
351.191454
342.110503
338.960396
335.035721
335.043067
337.774963
327.277213
311.898712
311.395486
319.396085
308.873393
328.890478
352.09623
339.2679
343.983809
331.653844
328.75424
322.6986
316.874365
324.854412
312.888863
329.625866
344.038421
350.191362
353.856795
344.540675
348.110977
345.597204
344.722147
321.479598
322.242804
316.239791
333.405817
332.800578
330.700054
334.979701
333.783788
323.236177
324.921462
334.123094
341.990336
345.605284
345.715934
348.191594
356.328729
333.031667
329.418448
328.622915
328.71152
335.423497
327.789781
317.078023
331.825173
324.520082
328.227968
332.788472
337.151752
345.728825
335.329452
338.678096
333.332481
332.312108
329.275007
352.50188
333.031012
327.089249
331.192402
330.570282
334.128296
330.511705
323.852105
316.510761
323.464955
331.597127
341.7829
348.829368
349.995391
366.742169
337.074412
339.944543
359.150785
327.657159
322.651601
320.937562
325.257533
334.327639
341.360389
343.809755
340.411745
330.528264
324.637587
324.335432
316.755005
320.201135
325.272431
316.397089
319.223988
325.085915
340.295546
332.544107
333.681428
332.876387
330.231414
318.393498
317.961791
318.019708
325.895504
337.720807
332.4616
325.911371
335.612218
341.664336
337.31995
337.011689
333.694142
319.491131
324.522746
321.66313
330.033832
328.152807
322.452038
318.691549
336.553546
319.576741
328.708474
339.932893
341.855445
344.130953
331.642299
332.614658
322.220664
337.971926
324.12048
328.428905
335.089296
335.293562
336.286379
343.380072
345.957285
341.870349
338.773267
336.369095
318.867989
335.033629
318.000335
324.923997
330.787877
337.07187
341.195956
339.30157
324.674131
339.017593
336.418831
330.602798
325.177824
316.417706
318.518528
310.727371
333.473941
350.860933
355.269008
340.260125
335.825544
325.770008
338.906057
332.960418
319.432971
321.22623
319.463732
311.28539
312.297076
343.380839
337.115473
347.858027
341.253591
330.303508
325.40743
316.032381
327.441981
314.291248
321.096306
340.01111
354.767151
349.940408
340.667528
335.893973
331.897819
380.000124
321.747994
326.953499
325.657857
330.670963
324.885898
325.471189
331.355901
330.988045
326.887623
329.684428
323.111332
330.700545
328.6519
350.915007
356.503356
346.867975
345.167252
346.413441
328.32839
327.729953
322.821046
316.186993
331.661967
335.566261
349.215318
345.462528
339.31074
328.127647
330.571968
331.682105
323.932303
327.630981
313.896671
321.491152
323.158213
346.146103
349.82814
346.119965
348.251911
334.93481
329.845309
310.967152
320.789881
315.278904
321.578255
318.989022
319.448002
329.107834
340.033731
344.247806
345.87273
332.421432
313.696718
322.179243
312.232191
327.199971
310.670532
330.733444
329.227492
327.850982
336.461864
335.182981
335.707506
340.397448
332.824225
320.434359
320.965515
322.899365
319.35111
330.765203
334.231437
336.995776
340.059797
338.903766
333.510369
336.092434
340.057685
350.960704
322.006795
328.760141
330.85681
335.493028
323.696671
332.087144
330.032867
328.822572
312.559879
328.961533
325.111898
346.241875
342.092379
339.583357
336.39225
343.613123
333.343568
365.972598
317.020204
310.319368
322.305631
324.175195
334.200448
325.990984
338.361391
334.417984
336.26214
318.965795
332.052388
333.669625
329.061017
336.641051
344.422466
352.00375
339.961233
328.545602
332.111737
332.310415
328.868006
341.841555
341.002205
338.689178
345.238716
335.651264
325.055841
331.004721
329.970844
316.019284
319.720375
323.96462
323.187835
313.595156
337.106408
336.373169
349.385581
348.69273
340.314813
334.240299
341.362238
325.80818
319.406718
314.893086
322.895823
305.34874
331.593553
348.712748
342.53291
336.129838
335.901186
322.174116
321.582706
322.0314
324.445996
321.442692
313.783012
343.252447
351.96105
351.747668
337.029671
339.449109
330.482309
369.366762
315.611782
313.716654
314.58214
338.291129
331.827768
324.747174
335.890612
334.811759
317.987219
339.055013
359.31237
332.264876
344.952117
346.77662
351.284264
345.533627
330.188644
337.615708
329.178797
337.811326
318.964973
313.590898
323.664905
313.250118
321.560513
332.50203
322.633086
335.708044
341.888419
335.968033
346.749225
333.898854
331.907847
332.855793
371.817327
326.832606
321.994337
331.05926
332.70185
332.415306
329.805772
326.396103
321.713198
328.966703
326.960574
338.342964
340.580285
343.421479
342.465506
354.408155
340.915674
363.637915
328.962184
320.798971
312.152218
341.176138
318.646759
349.312568
352.498437
344.248586
335.480534
327.465996
319.407339
320.250347
316.795339
318.722211
316.646392
324.992426
328.432579
339.333004
343.012041
338.912202
335.565123
332.873898
314.503635
311.515355
314.286006
327.979813
315.559321
324.85172
326.304276
330.773642
330.325928
337.383527
333.436259
327.093378
324.709846
331.844241
330.035005
324.291615
328.301091
329.086768
336.602754
344.226601
333.604754
335.408955
333.877599
333.121553
337.560517
353.558324
340.843878
334.262415
327.780793
328.728028
318.835786
333.272489
318.344392
318.417856
321.567113
322.315796
342.275692
352.490038
342.202414
349.904369
343.911462
339.288043
327.299284
321.07942
319.422224
327.119107
332.804644
324.856239
345.720954
332.458674
332.324354
327.249405
331.614662
334.309771
335.630867
342.022136
348.435623
340.860341
343.426484
346.213399
366.397473
339.29397
336.588647
320.320049
318.163508
316.91895
326.958081
334.282502
330.990054
333.888921
333.408777
344.710034
335.482777
339.338251
331.771058
331.619037
337.417838
349.43758
328.586651
329.3887
331.472676
332.990239
332.255125
338.319788
339.098922
330.620136
339.237487
318.579032
341.098325
326.632861
327.034085
331.980404
327.551511
336.773701
320.73618
333.65934
333.971211
334.580886
345.67891
324.394989
329.163611
338.206041
341.149609
324.861835
322.405144
317.158783
316.317369
312.657069
337.584425
338.770985
347.397316
347.940163
328.778207
330.751157
328.54984
315.444908
333.793045
342.419658
334.566782
335.325066
347.235744
341.05285
339.114935
340.216847
330.238766
319.184749
318.824504
316.227591
306.851401
321.424939
346.985342
339.761307
346.186183
344.978059
332.444788
343.929517
326.260177
319.367709
318.127342
321.961837
315.33
319.415926
338.455811
348.577481
350.792684
346.048442
343.595793
322.171436
318.078522
320.737379
330.651246
311.284468
321.780706
320.088907
323.305919
352.048106
341.172396
344.1382
344.157988
324.648562
318.188955
325.291233
325.04358
314.420431
331.936217
326.982162
337.030961
341.333125
336.547872
344.23436
328.164461
325.277468
311.415393
323.254657
326.830984
329.960219
331.519339
341.691326
340.295726
335.82825
330.036551
337.415191
333.270089
342.780783
353.692789
322.16418
330.20592
326.72199
333.240096
324.026844
318.474608
311.218511
322.258613
313.812643
318.306717
324.395472
355.900237
345.352207
355.834189
339.54973
338.46195
331.158184
358.524471
327.355795
316.212151
317.097702
318.01138
327.490507
332.770617
333.460415
334.676165
332.07901
320.732663
335.144078
339.005358
343.293679
353.462316
348.013506
344.030011
367.379641
324.693623
329.912895
325.958471
322.333253
325.288449
314.186033
317.853779
338.898928
332.016831
323.656519
334.02286
342.949532
338.760109
340.154737
340.656357
339.351838
328.364724
377.455668
312.764946
326.046055
329.270193
338.583477
343.831093
336.641291
334.777402
332.45502
329.605406
322.415228
325.98942
326.363165
327.804834
331.661025
322.03605
325.752823
324.766231
334.572652
336.138315
334.27034
346.974924
316.727833
322.37352
338.36529
330.578285
319.262831
314.34324
320.861798
322.072889
314.433578
330.124505
349.561648
347.900776
339.806366
328.559541
338.067418
330.533425
326.682815
315.524903
316.919123
316.200462
314.962239
337.506041
354.827675
351.310752
350.273031
339.523184
324.412344
314.10481
320.81289
310.97601
328.18414
319.498057
342.852217
350.219614
341.412202
346.458069
336.072367
330.129182
362.222573
336.232521
307.70804
318.669056
312.179844
329.504059
325.918013
329.032538
336.698372
316.85995
327.427581
320.923777
332.272045
330.18764
341.847188
345.11477
346.688686
343.944622
348.724774
339.929899
323.577022
319.867151
312.381371
317.90185
322.70377
325.589042
324.525203
320.424937
326.177813
346.995199
340.325765
344.006344
342.168949
329.823618
332.34368
340.42961
332.880473
324.101953
332.624132
337.170095
334.077925
332.837604
324.492734
327.547433
318.713043
322.783418
318.215569
338.549204
345.311973
347.550636
347.582985
339.304593
342.595187
306.315049
329.993616
332.925909
318.1858
317.617987
317.721201
324.188745
341.804966
333.413971
338.151474
319.853333
327.220149
332.268335
336.317075
345.745285
340.884889
355.648181
359.488136
331.342681
326.713787
327.154618
306.607435
320.314844
319.865947
318.197285
330.294898
324.861001
335.332382
330.328958
340.531315
340.66939
331.236509
335.305943
338.586721
332.361992
346.678432
333.992819
326.352387
333.882586
329.763738
329.492011
326.879192
328.777039
316.09915
325.083127
320.7054
330.885075
342.565519
343.358965
351.423756
349.295187
355.40179
336.432463
326.499788
334.868787
328.32435
317.653628
323.019074
340.183603
339.928689
346.075993
353.484088
336.282318
322.103602
326.288085
309.98274
318.124755
318.017202
323.32156
318.960076
331.038335
353.07515
346.137396
338.923618
331.985581
328.885774
318.365927
325.546646
319.724183
315.853619
323.064242
322.118763
328.22748
338.287762
335.714889
334.939983
329.325808
331.039345
312.735555
312.662571
330.153343
323.481778
320.428707
327.634497
343.513763
346.381127
338.790721
337.824714
335.536986
340.204151
337.18338
328.946144
333.703558
329.600188
327.141555
326.233597
323.702969
317.393023
310.35991
325.668949
321.987075
333.553872
344.153354
345.320571
343.490312
346.52598
347.133931
368.472861
320.265513
309.6573
328.871673
319.391591
322.476693
327.990803
328.217374
330.704641
325.849119
321.148785
329.585558
347.206516
334.87371
336.849453
342.742237
340.504288
337.029818
363.518899
333.03117
329.497762
333.639923
321.645379
336.532938
337.141997
331.453087
348.886575
332.086225
326.88412
334.512508
327.024047
330.677578
321.915904
