304.350412 
303.747959 
300.097314 
300.807895 
304.374657 
299.298412 
295.866230 
298.791376 
305.155725 
301.950914 
298.337879 
308.220594 
301.226515 
306.923833 
306.120652 
305.885190 
304.971714 
309.138409 
310.071392 
305.303464 
313.189149 
314.328172 
297.971883 
296.520190 
310.760200 
302.636951 
300.448340 
308.492001 
296.826624 
304.735651 
316.393169 
315.456419 
292.407994 
299.334896 
302.959627 
299.097321 
302.440828 
307.525489 
319.166839 
294.853888 
306.875780 
302.086530 
306.737489 
289.822436 
303.501028 
303.044054 
298.230498 
294.487680 
302.757515 
311.911299 
298.454592 
297.759032 
307.045165 
299.238546 
305.555658 
310.625441 
305.320071 
312.388114 
301.112477 
300.562716 
308.663555 
330.216059 
338.590193 
327.314967 
311.106665 
313.142349 
300.900298 
317.438030 
305.437436 
303.040916 
300.150928 
310.953662 
302.608707 
315.078007 
315.113984 
318.182456 
307.995791 
309.501482 
317.334046 
321.084482 
320.227955 
314.876073 
299.353983 
302.417919 
314.738990 
300.826984 
292.545599 
315.648039 
315.118222 
286.744393 
309.404779 
328.299632 
309.516798 
293.314413 
306.579881 
311.552879 
313.653145 
309.458920 
315.587388 
308.299504 
315.093816 
314.858062 
310.595187 
305.254646 
315.197697 
303.162125 
297.372660 
311.193301 
315.708500 
300.763688 
306.225975 
315.716743 
309.214290 
313.103599 
313.887055 
308.530748 
285.830489 
318.345956 
301.638374 
286.740762 
311.283401 
307.888087 
287.906516 
305.488586 
296.821475 
295.177853 
307.449712 
305.422621 
298.182164 
312.517698 
301.922201 
307.903861 
320.569853 
298.781110 
288.953490 
301.307503 
329.776993 
316.479550 
307.983625 
304.878687 
300.210279 
304.063447 
315.114517 
293.551891 
295.332050 
302.999337 
292.534100 
307.824045 
295.423809 
319.299860 
309.194281 
314.981475 
380.110476 
296.478941 
306.618597 
292.507482 
305.912727 
310.263919 
291.950236 
293.755186 
292.545671 
314.144398 
304.407801 
297.569112 
292.595232 
298.084337 
293.834653 
321.512896 
295.000136 
274.610899 
279.883874 
292.576028 
287.404651 
283.087235 
303.885283 
281.952989 
295.447069 
286.861170 
289.659018 
284.147339 
284.762647 
289.362200 
286.302751 
283.148093 
288.053825 
282.701590 
301.629758 
297.023434 
287.352214 
291.167741 
283.124200 
279.389423 
277.674665 
292.992573 
282.122645 
283.688846 
281.127815 
299.642307 
274.582821 
277.962107 
277.955352 
283.423261 
284.639517 
293.390132 
277.886984 
311.455763 
288.586208 
283.630838 
289.204907 
283.755470 
288.333720 
284.957185 
284.472011 
283.696499 
281.256924 
284.953486 
285.064660 
283.845537 
284.081444 
284.371263 
293.282310 
287.509450 
287.516239 
292.668859 
296.180685 
296.758675 
282.214079 
287.565708 
281.722939 
283.671698 
281.064722 
308.142731 
307.155531 
307.579633 
294.984491 
287.731236 
278.151733 
294.379964 
286.296707 
289.020840 
293.947394 
280.086246 
291.738167 
291.690991 
301.574049 
282.409900 
283.629939 
283.752718 
277.605173 
300.205250 
288.912746 
282.573268 
280.182098 
284.615154 
292.167749 
283.997519 
279.291680 
287.212228 
278.131647 
285.033901 
291.388136 
285.816260 
277.807781 
291.589028 
285.625856 
287.473604 
289.556145 
285.452651 
299.268965 
280.757496 
286.983060 
284.259950 
279.135586 
288.608761 
278.863721 
292.538868 
280.177514 
294.595048 
287.335038 
294.871537 
293.381553 
277.690650 
284.724142 
285.746852 
286.647820 
289.344606 
289.322411 
289.775611 
293.373396 
289.549317 
278.455552 
292.423602 
284.939143 
289.433905 
291.627740 
285.155423 
285.616881 
274.578847 
277.985416 
294.740535 
278.299668 
284.259349 
288.068663 
290.070084 
291.966756 
283.156875 
280.869749 
284.819160 
284.326275 
293.695813 
289.524069 
289.844680 
277.673367 
275.580450 
287.463436 
281.926555 
282.131323 
278.162943 
274.905513 
291.799365 
291.827706 
294.112977 
281.174624 
288.263860 
283.730760 
281.287277 
291.907958 
279.883212 
283.316138 
286.972252 
274.401804 
288.774834 
290.921680 
289.914235 
282.524135 
286.931356 
297.728339 
297.241254 
306.113000 
289.087550 
286.894201 
274.788813 
281.453642 
293.157246 
277.813138 
278.126928 
281.893714 
289.954826 
283.401192 
294.600459 
285.215042 
286.597735 
288.707413 
285.985803 
293.202229 
311.840931 
293.499180 
302.281540 
281.866423 
279.072592 
279.121739 
280.937115 
281.482828 
283.105787 
286.676125 
292.870692 
281.628666 
280.739720 
274.616299 
287.081086 
284.984321 
277.450435 
286.741044 
282.653564 
289.909282 
287.062757 
287.504262 
293.928609 
287.435834 
287.787945 
288.562661 
284.262400 
282.203060 
287.990463 
287.193823 
285.328471 
281.791051 
284.064731 
289.941644 
293.462661 
293.114121 
295.260703 
282.718443 
288.432996 
287.912686 
294.229418 
281.281272 
291.398023 
286.832690 
300.136082 
282.268860 
277.812485 
290.744851 
287.847916 
300.630815 
291.286649 
289.813865 
287.331417 
286.260020 
282.617457 
280.708736 
288.452412 
290.191485 
287.329290 
286.419324 
290.452096 
290.898289 
285.575894 
281.795202 
291.267502 
286.342280 
293.474903 
293.095752 
297.268945 
291.074749 
286.569340 
293.584498 
281.474703 
292.799919 
286.826134 
281.209398 
296.784630 
285.598191 
281.260515 
284.995371 
285.556206 
293.272584 
289.884650 
282.682982 
293.196757 
285.596189 
278.333393 
284.752739 
294.361939 
287.094922 
280.506107 
291.509918 
300.789603 
285.206093 
299.910668 
283.170247 
289.952907 
293.178679 
278.293530 
285.928236 
284.750798 
297.712144 
280.439822 
278.642981 
290.643413 
290.473509 
288.659554 
291.349936 
290.392082 
281.282382 
281.364802 
287.631214 
291.170048 
293.777420 
292.033420 
281.200282 
281.895677 
290.014093 
286.357589 
287.094129 
284.461312 
286.876035 
283.675847 
304.781761 
292.898982 
279.430875 
283.541080 
291.963113 
288.836689 
304.644108 
284.048356 
278.502585 
287.711340 
285.252989 
294.920247 
292.010304 
278.095037 
284.387466 
290.798354 
285.461985 
299.971109 
283.014645 
278.104006 
290.049053 
280.461394 
283.709213 
277.914488 
287.778981 
288.109311 
280.971517 
293.235535 
288.901393 
306.070938 
287.979311 
301.028802 
280.632558 
282.580291 
289.995687 
278.323479 
284.494660 
281.688013 
285.712935 
294.934921 
281.373302 
292.785270 
280.550130 
285.728149 
280.988776 
280.924055 
279.624931 
285.771863 
280.654635 
285.282774 
287.020741 
287.527678 
289.696201 
290.915097 
286.604365 
281.397755 
281.092389 
278.766710 
285.755624 
305.884506 
277.704544 
284.978431 
284.710634 
305.651365 
277.424087 
285.480524 
288.520845 
298.344753 
274.707559 
287.755785 
287.714674 
280.701054 
291.362784 
279.809576 
274.786257 
284.476759 
291.114256 
288.193902 
278.219944 
283.598474 
283.389270 
279.644808 
281.503751 
281.081099 
281.795419 
288.549823 
283.914898 
290.306394 
282.553772 
286.175822 
274.277358 
295.899908 
285.910087 
278.931211 
286.897990 
282.368409 
286.555676 
287.031382 
281.516688 
278.907968 
289.170105 
292.370453 
297.457250 
278.060232 
280.865463 
289.979645 
277.652624 
275.120253 
278.204817 
281.696910 
280.598759 
282.285384 
282.164684 
282.227592 
291.518273 
281.603516 
274.851427 
281.717269 
294.666015 
274.956155 
283.886913 
283.749045 
280.829087 
274.933572 
277.876677 
284.252425 
278.502128 
283.468063 
284.879485 
285.575670 
291.769781 
274.850098 
280.907732 
284.920382 
274.969130 
280.980751 
283.992289 
287.410684 
287.860008 
287.558858 
291.459798 
280.800073 
287.203884 
287.218326 
288.320976 
307.190777 
283.909852 
303.436846 
285.593576 
281.299708 
283.832525 
285.945616 
284.288980 
304.493517 
298.061679 
306.025024 
287.870689 
294.045569 
281.655656 
289.482148 
286.940088 
286.202103 
280.630692 
293.543237 
307.531093 
296.271355 
287.631962 
279.169800 
286.333048 
289.333494 
280.902796 
315.719187 
309.635743 
297.859763 
286.229183 
281.570490 
277.460097 
282.448937 
281.702244 
280.153666 
279.490990 
286.343954 
287.701256 
293.934197 
282.446814 
288.367547 
281.422691 
283.815579 
281.132007 
277.875408 
306.343017 
290.731381 
281.344619 
287.521734 
277.569687 
290.055017 
286.704426 
280.176814 
278.021707 
277.876879 
281.396072 
295.384519 
281.022148 
284.251691 
290.762227 
287.453545 
279.796816 
280.970442 
287.220515 
285.788148 
298.650830 
277.629261 
283.417571 
289.998031 
294.869109 
278.978721 
284.542287 
282.901738 
291.962598 
277.969707 
286.411216 
291.675877 
281.303751 
285.430359 
281.873550 
281.685399 
293.340498 
289.962677 
282.308915 
288.497683 
283.338332 
283.675150 
277.796464 
287.840329 
293.956698 
283.472381 
281.410748 
287.980011 
290.944910 
286.095002 
284.929203 
294.134182 
285.372323 
285.763651 
287.501269 
284.307425 
280.671960 
294.240076 
284.204802 
283.955710 
295.121997 
278.398071 
279.223251 
278.095003 
288.089805 
288.235633 
280.770576 
287.117424 
286.604463 
284.591036 
280.206336 
291.405668 
282.577848 
285.239887 
281.026418 
287.350321 
280.983831 
284.774480 
287.509665 
281.162557 
290.045276 
278.950402 
282.758575 
283.677186 
288.540168 
277.734208 
294.509964 
293.519912 
304.144491 
293.242578 
280.240179 
277.454330 
283.810780 
277.960027 
284.715383 
279.539792 
282.265362 
305.793252 
274.410654 
309.000091 
282.330357 
285.162009 
281.517748 
285.746370 
300.940432 
286.733329 
279.123084 
291.848397 
285.249208 
278.059593 
275.130689 
278.907444 
283.666143 
280.494621 
284.377621 
303.034420 
275.849793 
287.040139 
278.231771 
283.683831 
277.895443 
283.669541 
281.500634 
286.546794 
281.263821 
289.497023 
283.815923 
285.717915 
278.216501 
280.486373 
287.505073 
284.004866 
281.953115 
277.846361 
280.896770 
284.225642 
283.875458 
285.811331 
281.637366 
286.585436 
277.961782 
290.974431 
294.687979 
279.659632 
288.114005 
285.166883 
294.014477 
281.964674 
280.751106 
284.932204 
280.604366 
281.411658 
277.770891 
286.949872 
277.638212 
282.126727 
283.687715 
292.927170 
277.389299 
283.079275 
281.414055 
296.637549 
277.328907 
283.298357 
294.116840 
275.737400 
288.125056 
280.825223 
294.957720 
278.890067 
284.428191 
285.504270 
283.183770 
282.465477 
274.807138 
291.897006 
293.314448 
281.740983 
277.947103 
283.112746 
286.257792 
286.051788 
277.740466 
292.929320 
285.526308 
291.756265 
281.072464 
281.290526 
287.245585 
285.340557 
283.792175 
301.857941 
291.043563 
295.099699 
282.985978 
281.560011 
280.042835 
283.452669 
279.308228 
278.208941 
281.078875 
292.949680 
278.962157 
290.006611 
294.805504 
286.708325 
291.858639 
291.406456 
289.820691 
281.317208 
286.727442 
279.197534 
278.707305 
284.083223 
280.105361 
291.818687 
288.342110 
280.703255 
274.740134 
288.766990 
285.623449 
288.868813 
285.988573 
285.197925 
284.108384 
284.798352 
290.086339 
278.319801 
280.377607 
287.977468 
296.169408 
287.911091 
288.925329 
288.642636 
283.893377 
281.953355 
287.336190 
287.661343 
284.353927 
296.268883 
288.913587 
296.224744 
274.359114 
280.894400 
278.647401 
277.428175 
281.535083 
291.709437 
289.645699 
288.397498 
280.755812 
282.176374 
286.123220 
282.471497 
282.040054 
292.779291 
281.344533 
288.701673 
282.488982 
296.721484 
281.122614 
289.456691 
295.768016 
277.490509 
292.894967 
283.983940 
277.587865 
279.691901 
285.698539 
292.809705 
288.727179 
314.493321 
287.747771 
279.019864 
275.044760 
288.957094 
281.734753 
278.493251 
281.420210 
293.134402 
284.255612 
290.074131 
278.158388 
281.911420 
282.771726 
288.907657 
284.556182 
279.621945 
293.622891 
277.886398 
284.280322 
280.894155 
285.552672 
288.829457 
274.659034 
277.742715 
286.326700 
290.954284 
288.749929 
286.970934 
284.996625 
283.950341 
288.851778 
296.437061 
280.785177 
278.521173 
278.106360 
285.343379 
290.821196 
283.904398 
281.502133 
285.607988 
278.070280 
288.184090 
283.327903 
282.320510 
297.506136 
285.174220 
287.122469 
283.426785 
278.655300 
295.240501 
282.918504 
295.900882 
280.791081 
291.351156 
278.615272 
291.559202 
290.494900 
280.653550 
292.684027 
285.324850 
