301.872723 
309.281299 
313.565719 
299.891415 
315.231148 
302.743873 
294.580669 
287.395188 
322.488755 
296.998666 
307.587068 
290.495860 
289.980167 
288.540005 
294.009955 
309.758138 
302.552023 
306.825374 
301.307454 
298.689915 
300.955496 
301.901231 
296.266070 
294.761973 
281.608043 
285.840619 
308.855089 
295.005335 
321.380741 
291.995287 
294.162521 
296.517524 
308.940954 
311.956290 
318.713081 
308.167767 
293.457584 
314.357868 
315.605397 
298.987695 
309.956729 
289.242978 
296.159003 
303.795917 
281.911029 
286.558724 
297.364530 
315.554113 
303.709126 
300.595548 
301.084491 
286.950926 
290.446621 
312.863377 
293.366985 
313.910100 
305.582557 
286.453921 
311.085442 
293.826804 
291.680821 
289.114057 
293.407281 
289.039228 
295.759248 
297.997281 
299.807356 
297.966372 
292.608104 
298.077345 
291.226500 
280.086595 
291.586180 
284.672843 
284.940945 
280.454364 
295.231386 
287.099612 
295.320252 
292.051756 
294.841158 
296.707663 
288.342004 
288.537334 
298.648516 
288.352864 
304.152973 
288.221146 
308.913815 
288.920123 
294.707769 
283.271200 
290.056085 
293.944437 
287.630179 
291.115026 
288.004580 
309.018283 
309.314048 
285.146122 
306.748340 
294.227512 
304.899187 
308.370215 
292.026300 
292.755514 
293.073974 
298.365977 
292.539811 
281.851411 
285.895696 
289.369831 
297.282895 
289.037478 
290.393065 
311.878288 
287.508075 
312.222211 
294.546215 
295.251262 
297.297435 
279.509446 
294.185845 
293.732667 
298.123840 
314.799984 
301.831273 
298.681218 
309.961760 
302.985178 
293.229133 
305.936208 
298.302996 
293.636376 
301.946609 
300.525899 
321.366109 
296.242288 
296.241321 
295.376046 
292.498841 
292.190684 
290.246928 
293.276377 
295.330381 
281.867309 
291.509854 
295.213417 
282.126259 
294.301963 
293.972252 
295.109551 
290.955436 
303.069422 
291.946795 
302.351076 
298.278597 
297.283520 
292.582451 
290.442567 
288.858293 
295.562308 
289.941301 
297.116640 
291.758604 
292.563878 
292.420072 
284.138068 
315.263137 
294.791957 
307.108266 
315.493088 
300.689204 
287.646506 
312.597609 
299.028615 
323.135440 
300.732729 
320.704413 
313.021277 
302.264596 
308.581987 
294.339566 
303.847197 
298.259472 
289.504881 
308.184390 
290.240328 
297.200796 
285.982914 
312.704004 
296.759457 
308.229012 
288.177630 
293.675325 
293.778172 
290.992585 
291.158118 
290.483023 
303.158471 
292.851404 
285.138775 
308.042989 
306.252268 
308.973874 
312.037120 
282.950551 
282.347710 
296.754035 
297.577027 
289.902358 
297.969464 
290.133250 
314.232926 
283.425158 
319.813239 
289.132605 
305.905185 
298.511004 
291.711961 
283.654484 
285.485317 
300.906850 
293.681505 
310.888196 
288.503892 
314.131593 
296.815679 
285.145237 
315.001631 
279.484298 
318.199073 
276.522689 
286.148881 
296.122919 
299.404892 
288.512604 
307.804985 
295.397942 
297.697162 
309.910903 
298.873643 
296.085105 
285.646487 
291.215008 
287.847466 
288.848014 
285.630659 
306.410426 
284.899438 
300.952194 
297.151623 
286.090280 
299.640271 
293.434688 
291.059098 
300.026930 
293.683213 
289.427545 
283.220652 
288.523007 
291.190157 
286.455921 
285.988437 
293.049298 
290.001246 
290.400459 
289.205255 
291.935830 
290.821036 
307.352896 
292.551566 
317.030816 
306.824298 
315.912540 
286.455300 
291.086881 
298.661396 
292.854302 
305.017178 
289.063979 
291.154955 
285.343002 
312.420971 
309.431483 
288.386611 
311.631495 
308.627838 
297.695092 
285.636941 
292.256598 
284.766476 
294.695042 
300.472235 
292.758631 
304.294067 
315.277343 
316.402904 
323.408987 
299.327049 
298.873404 
304.288554 
291.754745 
282.049428 
298.045398 
292.494270 
280.342319 
279.633630 
299.768023 
286.073852 
287.178949 
302.499848 
289.327535 
283.770980 
287.086134 
289.396598 
295.338374 
292.327764 
287.705448 
283.423828 
289.417463 
287.823478 
309.154609 
298.735558 
276.634830 
290.906313 
291.252078 
287.906441 
286.008393 
295.374206 
293.481316 
298.202600 
296.298573 
295.704526 
285.501611 
279.729799 
292.711615 
293.702431 
284.476417 
296.015140 
304.610732 
294.328536 
296.253056 
285.600425 
295.667132 
287.876341 
291.621306 
305.843598 
301.224483 
304.369149 
300.136464 
289.352105 
290.917012 
290.724201 
291.474122 
294.095114 
289.839371 
289.522789 
294.506249 
290.610074 
306.232452 
303.010331 
317.836103 
306.323177 
301.182013 
278.161528 
301.643919 
305.358565 
282.413207 
291.471711 
296.180237 
297.543594 
282.749923 
290.528069 
299.939620 
309.779297 
330.397389 
283.891916 
300.478676 
324.266047 
295.285023 
295.312431 
287.420080 
290.166393 
300.150187 
299.239073 
291.299038 
286.899054 
291.976983 
285.574659 
289.496111 
289.432280 
286.452672 
283.834318 
293.106038 
291.762587 
289.824674 
287.509602 
297.168320 
295.197761 
291.167347 
306.945092 
296.244389 
300.653149 
292.975954 
299.467389 
285.181909 
298.715466 
299.360904 
282.073489 
303.661594 
306.751331 
293.093634 
297.096590 
305.117081 
280.467590 
294.297154 
305.270644 
296.289627 
294.701877 
293.237153 
300.157481 
287.709266 
306.821142 
308.669302 
325.914021 
308.953365 
307.017225 
289.920291 
313.670581 
289.472570 
293.427463 
291.930225 
279.661700 
283.533000 
285.044144 
291.708243 
290.790830 
298.629352 
287.942003 
286.885371 
289.612300 
298.548817 
281.148684 
286.025917 
285.927472 
295.510525 
294.829928 
301.801867 
282.711461 
295.274948 
308.408458 
300.279476 
291.485053 
277.370470 
305.546626 
295.242051 
288.448077 
290.851212 
306.341459 
298.324053 
295.440128 
292.965561 
293.984290 
286.122170 
286.354789 
291.806987 
295.497074 
301.145441 
318.717352 
304.758181 
291.548430 
298.193684 
294.396352 
315.083552 
297.506837 
309.523571 
286.932799 
293.356136 
294.746731 
300.018445 
286.520454 
293.492327 
288.101036 
290.929695 
290.966202 
291.752632 
292.206447 
281.285885 
299.410777 
285.534144 
295.211952 
285.347793 
298.662106 
296.368516 
294.458395 
296.880711 
300.677541 
287.954029 
294.570869 
293.510232 
299.384574 
282.900820 
302.200493 
286.931032 
299.200508 
288.268107 
291.324733 
291.609030 
300.866048 
297.595073 
281.374254 
290.273346 
287.407901 
287.850684 
288.118272 
288.990141 
294.188163 
285.109657 
293.473302 
293.398187 
307.438855 
291.045333 
298.178422 
284.862067 
300.243877 
278.187325 
299.868828 
276.964818 
297.225166 
293.900011 
297.574882 
282.926510 
290.493398 
281.746778 
284.862905 
303.205157 
285.481700 
289.492976 
289.351683 
319.850495 
292.017487 
294.828908 
296.862370 
295.214563 
288.829132 
293.561104 
289.903959 
287.167099 
296.301636 
302.995499 
295.572642 
294.603552 
291.378758 
285.075147 
287.456469 
295.800593 
311.968588 
297.219293 
296.997953 
307.164537 
297.161417 
306.680649 
300.242787 
288.456280 
292.087425 
296.400749 
286.374195 
293.838065 
284.843934 
295.956938 
293.420262 
309.554279 
288.304185 
291.615055 
296.157687 
285.735607 
300.355094 
307.026090 
301.782304 
282.500456 
296.200130 
294.331858 
283.666863 
297.890536 
293.917727 
294.279620 
301.873628 
298.688736 
291.364595 
297.648946 
308.127436 
285.402333 
284.520372 
290.556025 
296.273787 
298.156831 
317.340325 
278.105449 
318.660888 
278.310619 
290.796181 
304.038444 
286.733601 
327.042965 
289.781865 
305.116962 
304.796936 
323.299203 
311.109180 
305.194356 
295.019130 
298.941146 
297.764157 
291.631560 
286.933407 
285.798690 
290.639607 
303.189762 
293.287377 
297.990452 
292.268563 
282.156082 
296.223354 
300.235917 
292.415364 
292.019709 
299.527079 
300.317226 
299.934080 
289.713429 
289.765550 
285.128737 
303.512797 
293.291945 
295.598347 
283.316884 
295.211894 
282.546302 
289.605161 
291.722593 
299.007866 
292.186848 
285.015385 
290.035822 
285.163216 
298.844414 
291.437643 
289.485577 
297.483764 
290.200760 
292.980703 
288.757242 
290.289847 
305.149068 
317.777333 
321.191132 
275.347473 
288.511683 
284.254479 
287.429994 
311.925699 
292.682438 
288.448427 
293.612774 
288.462449 
283.124368 
306.004107 
300.907140 
282.259365 
295.051994 
313.046912 
302.642844 
294.814711 
287.696950 
306.289031 
285.317949 
297.073975 
300.536849 
294.769166 
295.226011 
288.946762 
291.092986 
286.473229 
289.295544 
286.742429 
293.892080 
301.746475 
284.820010 
299.685263 
279.497492 
295.595217 
295.144360 
289.317391 
296.742073 
284.810548 
298.943850 
304.534015 
284.198681 
278.990350 
298.958188 
308.273248 
310.429790 
293.157353 
282.080071 
288.050222 
298.359095 
295.088161 
311.026557 
293.811263 
286.683361 
301.090103 
323.164980 
306.347281 
295.845646 
289.707837 
292.329677 
295.095282 
284.664725 
293.927164 
293.474789 
287.567524 
309.286233 
283.224991 
293.079486 
284.855155 
304.567764 
292.869203 
295.651992 
297.174505 
292.941980 
291.998696 
290.759382 
287.642471 
287.389237 
287.819331 
294.751703 
292.395631 
299.414684 
289.644751 
307.828076 
302.180253 
310.630643 
289.221093 
293.347915 
285.982182 
300.394233 
299.032228 
286.844496 
294.959878 
292.288844 
294.632805 
319.634850 
287.252628 
302.689048 
294.832201 
286.293058 
298.840162 
285.556009 
295.999655 
294.685305 
289.030635 
295.850384 
295.457156 
297.002836 
294.423552 
290.633039 
284.511625 
289.649703 
294.335296 
283.447412 
281.764155 
298.257953 
285.984771 
282.859689 
285.477326 
287.290676 
286.619348 
285.709417 
285.018119 
291.059061 
291.997166 
295.421784 
290.963096 
285.685608 
294.271255 
289.666934 
301.623325 
301.424763 
323.616761 
291.981709 
290.244755 
302.384805 
288.226851 
299.630795 
298.370221 
301.761533 
313.088468 
289.610941 
287.716395 
289.116678 
278.404007 
300.334428 
301.579841 
296.251646 
283.980168 
281.373773 
287.610917 
285.167955 
301.576704 
287.324503 
280.508937 
293.250228 
293.455895 
288.527011 
314.813481 
296.801747 
286.464808 
301.702787 
307.472047 
292.605767 
295.213327 
294.297512 
292.343459 
288.529317 
315.482307 
297.086053 
292.196712 
301.471669 
278.814874 
296.375773 
295.708481 
291.146928 
286.881922 
303.340587 
294.838263 
302.872959 
289.536763 
291.289902 
304.973969 
307.880486 
309.128942 
289.025522 
301.412349 
297.795733 
293.617419 
308.278481 
326.258935 
294.672843 
299.479785 
298.092544 
305.021055 
309.961057 
283.412126 
304.060744 
297.185191 
282.997826 
292.574109 
298.545523 
296.335443 
293.845828 
285.362941 
294.313615 
291.503734 
298.950699 
289.783855 
302.448697 
293.759105 
295.339184 
297.254970 
296.370582 
299.911781 
292.565867 
292.879309 
283.543724 
292.983341 
297.136555 
296.695011 
287.036265 
305.057889 
298.699582 
286.227282 
296.034832 
323.590895 
306.627164 
297.132608 
294.123244 
283.167850 
309.247064 
303.559049 
285.511676 
292.228444 
299.625302 
299.216595 
295.926079 
290.411005 
295.722194 
302.284050 
301.995324 
305.068279 
280.677964 
298.026153 
282.296039 
293.601851 
285.293927 
305.383934 
306.794435 
301.803132 
285.054365 
302.568644 
300.142748 
283.283755 
291.819069 
288.052325 
291.330232 
291.959557 
306.152692 
309.775334 
293.217321 
286.750333 
289.965153 
307.588818 
295.277403 
313.097779 
291.192330 
290.782772 
285.219657 
319.869454 
288.613635 
300.420900 
288.684939 
301.842921 
297.752693 
291.253435 
292.664048 
290.584903 
282.059067 
293.171032 
290.453273 
289.365155 
290.770883 
300.695672 
295.843232 
302.106422 
288.296098 
290.815250 
301.690679 
296.182640 
296.521930 
296.862802 
294.678316 
303.357773 
281.794599 
291.465847 
286.766127 
278.757297 
284.659867 
294.369609 
292.434239 
294.072633 
288.268834 
292.041401 
297.683195 
298.816887 
292.755988 
290.943504 
299.881680 
316.871752 
316.481718 
298.818330 
297.148196 
286.418222 
282.890206 
280.561981 
285.541331 
282.394349 
308.813718 
284.396688 
307.389593 
320.469970 
287.599117 
302.392596 
286.706289 
284.860848 
283.846423 
302.302482 
296.306658 
297.517041 
288.989765 
303.683194 
286.272354 
285.438181 
305.209995 
288.661400 
308.241947 
283.592715 
287.621770 
286.747147 
303.000710 
289.178939 
291.962365 
293.846241 
297.394869 
303.961608 
295.258017 
297.721909 
291.129378 
287.604092 
287.664406 
284.236984 
288.226282 
295.515484 
298.818080 
288.371585 
299.715578 
301.700368 
301.739961 
296.805862 
281.920135 
290.826485 
294.730199 
310.309122 
299.482491 
289.680845 
306.458216 
307.646054 
320.749782 
301.529596 
297.240351 
286.473852 
286.778677 
291.874832 
294.407333 
304.103527 
296.695197 
304.181152 
300.813752 
305.755517 
285.739196 
289.401782 
320.445302 
287.398815 
311.145900 
300.601420 
288.409021 
285.553722 
296.596681 
290.164129 
294.640809 
303.500017 
294.014581 
304.739806 
295.952250 
310.451080 
286.880173 
287.169907 
298.749209 
287.709385 
290.511785 
304.649419 
293.575422 
286.268170 
296.028748 
308.334573 
320.941180 
312.634954 
315.206250 
291.126110 
319.068209 
296.660725 
295.298452 
298.859584 
280.480083 
293.830973 
287.787628 
325.700244 
292.506731 
299.847081 
302.363291 
300.436813 
306.817588 
290.737693 
305.381941 
309.587997 
293.190964 
312.290360 
310.989599 
303.172552 
302.964476 
297.446056 
286.614893 
293.822324 
295.453928 
281.544812 
277.957426 
302.208490 
298.682551 
318.239734 
286.441087 
294.295588 
295.630441 
291.102313 
302.900971 
315.966718 
281.760776 
307.328377 
311.765313 
301.004168 
310.351948 
296.979680 
278.534798 
310.668132 
304.569158 
315.329052 
293.126206 
285.842200 
293.024807 
293.970443 
288.473937 
287.526555 
290.242006 
314.307970 
300.431742 
294.670845 
287.526161 
300.071499 
295.907469 
300.587571 
294.709975 
315.306369 
294.921128 
297.417082 
298.241862 
301.481836 
287.676187 
278.173219 
312.684257 
299.499639 
307.469560 
292.509578 
299.006633 
287.101980 
289.864564 
294.402409 
300.128276 
284.428410 
304.950361 
297.812213 
278.993045 
290.603355 
304.972619 
301.272240 
294.615601 
316.924584 
300.410031 
309.270575 
301.522327 
305.815866 
297.768245 
304.897656 
302.739655 
297.325751 
298.483182 
290.173109 
302.861680 
300.053643 
306.217155 
303.281847 
315.205740 
304.450408 
284.364108 
317.481847 
282.164319 
307.358681 
288.437061 
295.563792 
302.958819 
298.492702 
300.838208 
291.010713 
288.973411 
301.152655 
280.752282 
281.480690 
306.364135 
290.969035 
303.040119 
294.513556 
290.290508 
310.921647 
298.077387 
297.710729 
284.857476 
309.399784 
294.795342 
298.708745 
282.694061 
288.354000 
296.614375 
294.944138 
287.990439 
295.599737 
302.080118 
304.625304 
293.419955 
289.776080 
312.457239 
299.845726 
295.703270 
285.886295 
299.141294 
303.444815 
321.084656 
303.121080 
293.726036 
291.013773 
288.732146 
305.572991 
289.036420 
282.141475 
297.419612 
298.706885 
283.855712 
291.282053 
288.973837 
299.116993 
289.256597 
292.746227 
304.429881 
284.655618 
296.043300 
308.123671 
293.868301 
303.542771 
286.347458 
297.140223 
297.861314 
319.824222 
291.558551 
297.267169 
303.720614 
303.252971 
286.232617 
302.233581 
294.281993 
320.393417 
305.200233 
284.725886 
308.054955 
291.447817 
319.874005 
311.632256 
288.615968 
303.747335 
294.336153 
302.698100 
291.100409 
302.886626 
312.159575 
304.943988 
289.836732 
300.935445 
297.741724 
290.601432 
303.080640 
291.313477 
297.785678 
305.146489 
308.595634 
292.532909 
297.746774 
301.443228 
310.748301 
293.640092 
290.287517 
300.374362 
299.961004 
292.679896 
307.214114 
293.003254 
287.578073 
284.335800 
291.237554 
300.338409 
285.924320 
295.949374 
280.757619 
299.327666 
294.327389 
287.239136 
313.730425 
312.661190 
305.309113 
308.885423 
311.871711 
323.305635 
301.425712 
283.002271 
306.983275 
310.419179 
316.315119 
294.044236 
294.933771 
293.017891 
288.921216 
296.605270 
295.295072 
294.956587 
292.768227 
287.477221 
283.208027 
315.750660 
317.522822 
314.766374 
310.685015 
292.037006 
292.593293 
299.452337 
301.017621 
295.225756 
296.056024 
294.141335 
308.266437 
304.431549 
330.931170 
322.790680 
292.336772 
306.836435 
288.843162 
307.124177 
292.412936 
296.961335 
303.287383 
310.589861 
289.587781 
313.182823 
290.287746 
311.602217 
298.435650 
318.620370 
290.598611 
294.093591 
312.163362 
296.027767 
301.577183 
290.336842 
293.415122 
301.648766 
277.687276 
287.403464 
293.396341 
294.673126 
285.154819 
292.182194 
287.322379 
290.915070 
293.814614 
291.117150 
306.765399 
300.002917 
313.618272 
287.912292 
314.114316 
303.213821 
316.073654 
309.590243 
299.958708 
313.710019 
281.450038 
299.444393 
319.764079 
297.239096 
301.167301 
295.882894 
304.513761 
290.475914 
303.765015 
297.323000 
298.199067 
295.326662 
297.445656 
295.207332 
278.244735 
290.875032 
298.575685 
299.851454 
296.196501 
292.113330 
301.702623 
319.990774 
309.832844 
307.357193 
296.738162 
323.425608 
303.215397 
322.929658 
294.970047 
312.482868 
275.197449 
315.143737 
301.561130 
292.890376 
298.072782 
298.850266 
306.475172 
295.149248 
293.914575 
316.851347 
292.147762 
309.002000 
306.186323 
291.469413 
294.464946 
302.061456 
299.191571 
311.400225 
316.668312 
292.586175 
283.516923 
287.561816 
305.544564 
298.249052 
294.703543 
295.679307 
307.816904 
295.110169 
298.382469 
296.643676 
280.529471 
284.585437 
288.078852 
290.610249 
302.786497 
316.391244 
297.765122 
313.636401 
320.492807 
292.816021 
322.674154 
299.620597 
285.193376 
312.489389 
294.399079 
305.541997 
295.984536 
298.158625 
301.309050 
291.835439 
293.477852 
294.846503 
300.346656 
289.845519 
297.382045 
312.144599 
298.045420 
321.422503 
310.008935 
288.360803 
281.829360 
296.754583 
296.323342 
298.118289 
284.875112 
290.489746 
288.220893 
294.651816 
310.318501 
296.560719 
304.935285 
296.734282 
307.136096 
298.578717 
282.299664 
294.241444 
284.836160 
301.048375 
294.257924 
294.133926 
311.034033 
299.442277 
311.003734 
284.658674 
298.079321 
292.802061 
296.156865 
311.936103 
289.073528 
309.168586 
302.539095 
285.056567 
282.830855 
303.848929 
291.258037 
281.832677 
291.809564 
289.677712 
297.554453 
296.188881 
294.360647 
287.138648 
304.400042 
296.141007 
292.631582 
293.058250 
292.151379 
299.107892 
287.174490 
302.554615 
288.743904 
296.818595 
297.482965 
299.730462 
310.806793 
315.370044 
288.364981 
303.266121 
325.579700 
307.977893 
317.715585 
310.465385 
300.120642 
285.607558 
290.949781 
281.450211 
294.334024 
288.502190 
303.138345 
315.903818 
282.936970 
295.254950 
297.129224 
286.745753 
290.366621 
286.593780 
291.542776 
309.492940 
289.999781 
286.309938 
287.772562 
293.644489 
309.038916 
320.938485 
290.637220 
289.561234 
285.536530 
287.793348 
294.553277 
291.224486 
294.567065 
288.494378 
300.548175 
300.761965 
289.568864 
311.429555 
293.990328 
321.838663 
298.324744 
292.388947 
284.883340 
307.178595 
302.633817 
282.013879 
299.134553 
324.240745 
314.383440 
290.170451 
288.873038 
299.396786 
294.551512 
285.609176 
292.436334 
297.772661 
293.944812 
298.640995 
292.850497 
293.628769 
292.555552 
319.488947 
333.423094 
310.763785 
303.835632 
297.124315 
304.437526 
308.828699 
290.591792 
292.932958 
292.369088 
296.558608 
296.070956 
291.238050 
286.540322 
300.101943 
286.546034 
294.445331 
294.003810 
294.610866 
309.128776 
286.218871 
327.999467 
300.219864 
311.770979 
316.325445 
295.800762 
295.643460 
306.492063 
299.559814 
290.872934 
309.890682 
296.147982 
292.039344 
285.649033 
302.524102 
289.344194 
290.547653 
305.025416 
294.516458 
286.312027 
317.948780 
296.671695 
316.361318 
295.390373 
305.898000 
297.297627 
310.237393 
299.921472 
289.913284 
291.662974 
282.066932 
302.593277 
292.828951 
300.402331 
293.477150 
300.150707 
286.117061 
294.070888 
302.790322 
306.613247 
302.263376 
307.979588 
311.014176 
289.975608 
309.233968 
315.625584 
298.177785 
291.488853 
287.743972 
281.363898 
305.961377 
296.813929 
294.988721 
304.326802 
315.223988 
313.135300 
295.868569 
309.443863 
315.422694 
309.051682 
299.987792 
301.264290 
292.997050 
317.609616 
289.583065 
308.271786 
291.784618 
312.365567 
293.855713 
294.730273 
299.865731 
312.652075 
299.415621 
310.010743 
296.327915 
302.243647 
292.492432 
304.321091 
318.617087 
301.966357 
301.396576 
299.739376 
300.961395 
295.935920 
304.836058 
311.180659 
297.468010 
302.027459 
307.631088 
297.860752 
317.830978 
289.585225 
292.879133 
285.811609 
298.030118 
284.462311 
287.894004 
295.199547 
290.162018 
315.948723 
300.849833 
293.850472 
307.140811 
297.241351 
306.473212 
283.131699 
304.418601 
295.569258 
292.390993 
299.284731 
293.326980 
295.875941 
293.523307 
291.861723 
307.620475 
308.085410 
296.136303 
295.301704 
317.050908 
308.002900 
300.455484 
293.747606 
282.307141 
291.557504 
297.706754 
298.033294 
299.229342 
295.750038 
290.490253 
293.712770 
319.465432 
298.039927 
291.157182 
303.823020 
287.008538 
287.484116 
298.425075 
297.861335 
299.981639 
296.918155 
294.119149 
311.087167 
300.737911 
281.847488 
297.762629 
292.599380 
298.423185 
299.403854 
291.736397 
284.968061 
293.896735 
288.897159 
286.078321 
310.309341 
282.550675 
312.337423 
299.285856 
282.998843 
316.369710 
292.957366 
311.485884 
286.307567 
292.319379 
305.922523 
293.917009 
310.740013 
288.191663 
298.374873 
302.650740 
322.196489 
303.116577 
320.337572 
304.089822 
297.254494 
299.443658 
290.067117 
295.112426 
294.484788 
318.594460 
320.240861 
328.062784 
298.640182 
293.789750 
288.372708 
302.017678 
284.931687 
289.734754 
293.444630 
286.388892 
295.167744 
302.701194 
304.765048 
299.099512 
294.879324 
293.850306 
296.441540 
296.724714 
295.940570 
301.729056 
292.588813 
298.402738 
281.811048 
288.581431 
290.585633 
294.720825 
296.344642 
286.345690 
299.146217 
307.019092 
296.437609 
296.498615 
312.921646 
298.563480 
299.172514 
299.570393 
287.643558 
293.927976 
281.108371 
285.917489 
313.158542 
294.027654 
282.652305 
294.618038 
301.635666 
292.370668 
284.708614 
300.609180 
296.323782 
291.595965 
296.584318 
284.988569 
296.671520 
290.277891 
296.731105 
290.363968 
294.914083 
301.936132 
288.036710 
294.247885 
291.321651 
289.004014 
288.114408 
297.616557 
307.713812 
306.251937 
301.350861 
285.206536 
302.224938 
284.865913 
310.336235 
293.360600 
315.271257 
282.000200 
292.933331 
291.752243 
294.779068 
278.826997 
290.684411 
306.542547 
293.775777 
293.436384 
286.063446 
291.343982 
294.716933 
293.172981 
302.748442 
300.423404 
306.295368 
326.695767 
294.396915 
290.476065 
304.952658 
310.370030 
300.035000 
300.649530 
293.249858 
307.310575 
302.338015 
306.533744 
293.873797 
297.552611 
302.565458 
314.071978 
294.364884 
312.021534 
297.914252 
282.308482 
304.760246 
303.606678 
291.890960 
300.206032 
302.912594 
291.786129 
299.099911 
294.622802 
301.813174 
297.375202 
303.973779 
292.926913 
292.466095 
307.083022 
309.243307 
320.587445 
310.448511 
300.806439 
308.466896 
288.807488 
292.332691 
290.865123 
309.633580 
295.754023 
299.192044 
293.369384 
278.557727 
291.522673 
315.800710 
294.495686 
295.172407 
285.732438 
289.967449 
306.947696 
296.596762 
290.504320 
294.570421 
293.147335 
303.461396 
298.774506 
296.959950 
301.927664 
290.144647 
323.132142 
293.010540 
319.256030 
297.012574 
316.954662 
285.165956 
308.859829 
310.910495 
307.608308 
288.095738 
292.210555 
297.338640 
316.712677 
295.361568 
326.822232 
298.076067 
328.563905 
292.974032 
297.122580 
299.131446 
291.586346 
290.110613 
299.654740 
284.378368 
303.156864 
300.093367 
303.614049 
300.569565 
303.917199 
289.375277 
285.799821 
302.844531 
308.580507 
286.498357 
312.032801 
294.471506 
300.821834 
299.385877 
288.386576 
318.570051 
290.425599 
287.788311 
289.164026 
300.816490 
317.749571 
309.644014 
310.501382 
298.089963 
288.734370 
285.774182 
297.625067 
309.679885 
306.340150 
300.393313 
296.815697 
319.839574 
305.513227 
287.997584 
317.301954 
306.253753 
296.192291 
284.356071 
309.109077 
305.718727 
299.331616 
311.736462 
291.857955 
290.795039 
290.809509 
289.060814 
298.075467 
297.412607 
298.013795 
303.542307 
304.303095 
293.440177 
297.231786 
299.279573 
304.220629 
293.429651 
293.495502 
286.638224 
298.144900 
291.466827 
295.070329 
294.758573 
302.083292 
316.008147 
281.568646 
312.937604 
300.870964 
284.775370 
293.721348 
312.335060 
295.309700 
324.749394 
306.969718 
310.075545 
285.577880 
319.915817 
297.367423 
300.808794 
302.966562 
282.298324 
316.716490 
288.754481 
295.851362 
296.340523 
297.850209 
298.689076 
294.611597 
292.775570 
323.518561 
292.408641 
306.633984 
288.327455 
318.290588 
322.065113 
285.041710 
304.836608 
292.327978 
290.723878 
293.598746 
282.196952 
284.551828 
295.448493 
303.030710 
296.118884 
309.364599 
301.037236 
290.544003 
307.159346 
285.832427 
305.616708 
285.047125 
288.553036 
302.517088 
296.795782 
310.013724 
301.196860 
322.880112 
293.206468 
291.303841 
317.517204 
308.810384 
303.850626 
318.328767 
292.445314 
310.221828 
282.582576 
293.391407 
288.093903 
291.219424 
300.748638 
295.303328 
301.071978 
294.138368 
297.533273 
294.005162 
309.707621 
277.312958 
287.749842 
294.289442 
288.882806 
301.390375 
295.080479 
304.979157 
309.328424 
289.934429 
290.076348 
313.313109 
294.519456 
294.718190 
297.983152 
290.524846 
306.972490 
302.331604 
292.280861 
291.241890 
292.724979 
296.679936 
285.352615 
282.137612 
305.927361 
282.840891 
298.462487 
297.530269 
295.707103 
297.284136 
295.449143 
319.965863 
285.731758 
302.024523 
304.468584 
297.975212 
284.496647 
309.745602 
295.115930 
299.784756 
313.241224 
299.658185 
313.836494 
279.232992 
308.399828 
303.081244 
296.119112 
299.638950 
282.444706 
298.723847 
326.517711 
294.576734 
299.832906 
292.900875 
301.454734 
297.075477 
313.878099 
295.180872 
292.342338 
299.001582 
298.571714 
299.930958 
290.819219 
304.315789 
295.510364 
300.211187 
303.270053 
296.536698 
293.497539 
298.683842 
293.914979 
315.164023 
288.912557 
289.460053 
296.381600 
294.109329 
284.148492 
293.490376 
300.868107 
311.655890 
310.620179 
305.320068 
297.399992 
295.318553 
288.791245 
305.056482 
290.190823 
294.689156 
290.073927 
302.502358 
309.663706 
291.036227 
309.424315 
300.387565 
318.960372 
276.040527 
313.704235 
296.822752 
296.861981 
317.253416 
296.024121 
286.139058 
307.861462 
289.111691 
291.718166 
296.419352 
279.990975 
283.880546 
294.319035 
300.659760 
289.438487 
296.068051 
298.839356 
293.759319 
303.278492 
296.235024 
282.511626 
322.178281 
306.612388 
305.369839 
306.307639 
300.246098 
309.589912 
293.840375 
303.874950 
307.984476 
299.171467 
291.758567 
294.317010 
284.692103 
298.812117 
290.201519 
308.685281 
288.326472 
298.028001 
300.594783 
295.135305 
287.875650 
296.399579 
287.164718 
303.764337 
294.610740 
317.124114 
318.464015 
305.486324 
293.803791 
285.134717 
290.777318 
290.421921 
298.078225 
285.811925 
289.571482 
300.945747 
301.235012 
311.281791 
289.898576 
302.722290 
316.845718 
290.684012 
309.896165 
295.037382 
319.857239 
294.757705 
304.721526 
295.947805 
293.816659 
314.695023 
287.953775 
284.860721 
300.350685 
319.975892 
285.236069 
310.490557 
307.164602 
326.612798 
284.800672 
289.595052 
305.390544 
288.084993 
285.402777 
311.127742 
297.379630 
311.054960 
286.331827 
305.082861 
287.241980 
291.457934 
292.484856 
294.101688 
290.131869 
319.183378 
297.167808 
292.030156 
291.864050 
290.645189 
292.526622 
304.032124 
295.636404 
306.426149 
288.418357 
293.053563 
289.356145 
292.637289 
297.079345 
294.634965 
302.012573 
286.581088 
283.634811 
303.134284 
300.261763 
290.004888 
291.209639 
290.662694 
294.076701 
287.292427 
297.737129 
301.960701 
305.747897 
303.784129 
286.975740 
296.111491 
307.149457 
309.742191 
314.481310 
301.453476 
286.529871 
297.115613 
284.684553 
285.020392 
299.959316 
289.346525 
290.437691 
317.626123 
319.995910 
291.714491 
310.969581 
298.323180 
295.012440 
297.792231 
293.424505 
312.154012 
291.032049 
285.827161 
295.014769 
295.254656 
294.487722 
291.348286 
290.822574 
286.276223 
298.757901 
300.959406 
329.406958 
286.763885 
283.840757 
289.862608 
284.753422 
297.078443 
295.105095 
308.726765 
279.576328 
292.734804 
295.653239 
289.932414 
292.106134 
291.689465 
300.690207 
296.916428 
291.196146 
306.159100 
302.355436 
293.741326 
297.374606 
290.074150 
288.460078 
284.686234 
302.267696 
298.072133 
296.030494 
295.876032 
295.106349 
295.772271 
300.600607 
288.806711 
303.277262 
300.115184 
297.521586 
292.082640 
298.680783 
288.566743 
304.371462 
292.127520 
299.853549 
308.297943 
296.990649 
319.709422 
300.563818 
292.610665 
294.534301 
282.844810 
287.757892 
295.698232 
294.739647 
294.279977 
292.448345 
300.216381 
304.979832 
308.970173 
287.039965 
302.200670 
284.652537 
292.541399 
298.118968 
291.481424 
288.189495 
302.730711 
323.048782 
298.440941 
314.793081 
297.339356 
288.669254 
296.748423 
300.789322 
300.946291 
291.809025 
294.025591 
302.412801 
297.725744 
303.685126 
294.169044 
291.755164 
302.571117 
300.449545 
297.658994 
299.161289 
300.150839 
281.954774 
300.608219 
294.736687 
304.013010 
296.448763 
295.840542 
310.457988 
306.381126 
301.321108 
305.000355 
289.650863 
306.140503 
293.621175 
292.330631 
288.260471 
296.727725 
287.601705 
296.761903 
299.574113 
295.422223 
309.909728 
301.361920 
313.859824 
299.130039 
307.407722 
292.930005 
314.095372 
301.071502 
290.427609 
297.488011 
292.148480 
292.272218 
302.904260 
317.423855 
299.694929 
302.321416 
289.722491 
303.072206 
295.159075 
296.013155 
293.110386 
300.565085 
299.056621 
308.388206 
314.285067 
322.523374 
305.074254 
300.728862 
295.284440 
313.242231 
286.443654 
293.279201 
291.506135 
308.585921 
295.041345 
311.867955 
286.264262 
295.029454 
291.670472 
291.676419 
285.220027 
300.540774 
293.593622 
304.598321 
285.624607 
326.576660 
320.918292 
302.343639 
294.658785 
297.042436 
314.387072 
301.958356 
304.619538 
295.555257 
299.185497 
303.549283 
318.746023 
291.097431 
290.572288 
281.549860 
300.334703 
288.132032 
295.528894 
320.896138 
298.860833 
305.880985 
313.769746 
305.305698 
291.270441 
298.377036 
299.904375 
290.002867 
289.523979 
298.930795 
289.866348 
293.464248 
293.764666 
307.297107 
303.055275 
319.726958 
291.633256 
301.951871 
299.133731 
290.972743 
295.052079 
301.131519 
297.831333 
285.431742 
290.812276 
291.397924 
288.264819 
291.496705 
298.253876 
301.761473 
290.631884 
297.165566 
287.990196 
288.074926 
303.550299 
294.615746 
292.874914 
304.102382 
294.240327 
300.804135 
297.617123 
300.126600 
303.993579 
295.100674 
291.522430 
303.244172 
297.045058 
288.765671 
305.425045 
317.312523 
298.354216 
321.934801 
293.169839 
290.380530 
296.971355 
290.638270 
295.769752 
297.886853 
293.886311 
296.697507 
296.780041 
287.731984 
293.651540 
293.024799 
307.420092 
292.612443 
292.484570 
287.921751 
281.595504 
302.613621 
286.708728 
294.889449 
297.712453 
297.965679 
308.856333 
294.723512 
316.534567 
295.598963 
310.694808 
311.033763 
308.631578 
319.737211 
311.227087 
302.382061 
316.524799 
315.260156 
305.253250 
308.221940 
310.937461 
310.937723 
311.174310 
316.745357 
315.285529 
316.258157 
302.003060 
303.317688 
291.114040 
290.818209 
288.382045 
308.751715 
329.034752 
301.717881 
305.394548 
310.086457 
306.165434 
302.151331 
322.670800 
289.557404 
296.500088 
293.491048 
292.901054 
296.125090 
283.006504 
292.103529 
296.322894 
302.445666 
300.984563 
296.032245 
299.731499 
294.510225 
292.684396 
298.683626 
287.543218 
308.923889 
293.590505 
314.190658 
300.915434 
305.552928 
290.918220 
323.866540 
308.345757 
308.632540 
308.862671 
311.984234 
307.041620 
288.725610 
291.614509 
309.194029 
298.388639 
320.135160 
300.469554 
296.818848 
301.982046 
292.170126 
294.494788 
296.033834 
301.982659 
297.449755 
301.221749 
295.440743 
320.618626 
304.163133 
295.741796 
322.345517 
298.062211 
293.510156 
304.374202 
293.602910 
301.138208 
287.900827 
292.234784 
292.423902 
297.012334 
280.945317 
293.981495 
296.840329 
295.671442 
305.824165 
324.959440 
296.617333 
319.195655 
292.384406 
313.481418 
307.792037 
300.383177 
300.318725 
288.174660 
301.355310 
294.315287 
292.244484 
298.146988 
282.254058 
284.877072 
295.282152 
289.424849 
298.350662 
300.263787 
298.979264 
295.113639 
286.083771 
295.054185 
309.008260 
299.843509 
291.219874 
296.498998 
291.090767 
293.757930 
293.493387 
295.224836 
281.653793 
287.454496 
294.674942 
281.821929 
309.192908 
307.539257 
296.950455 
288.103632 
296.503227 
287.563096 
288.598955 
318.756295 
309.009869 
306.219417 
314.934468 
297.985055 
293.078321 
313.756608 
298.371332 
299.642136 
296.264198 
287.445449 
306.205495 
296.570919 
288.191381 
299.055969 
296.389347 
293.353055 
296.615362 
298.479940 
292.414809 
296.235078 
292.636006 
290.884443 
299.832115 
294.698873 
307.988292 
305.812828 
283.857165 
317.897451 
297.851156 
307.671252 
313.530572 
304.360346 
294.442009 
317.256950 
294.209673 
303.133093 
282.604693 
307.466008 
288.792205 
304.692321 
320.045987 
306.204316 
304.507808 
298.978449 
301.768179 
293.126430 
293.898247 
295.809723 
310.458011 
288.520175 
279.722581 
290.901836 
303.328874 
286.510516 
295.200254 
285.625336 
294.422440 
287.954569 
295.259592 
294.761446 
313.908182 
305.430522 
295.065703 
314.314704 
288.703322 
292.370475 
293.966331 
297.256562 
300.699555 
309.017120 
291.674171 
289.127144 
287.691028 
302.514204 
286.198634 
295.866425 
294.799856 
289.430953 
301.222089 
310.893641 
294.097065 
314.395630 
302.633877 
307.540162 
296.379740 
303.624089 
293.620501 
306.829875 
292.233935 
291.474836 
292.489338 
287.850473 
311.638892 
296.800792 
315.541315 
294.429117 
312.808077 
303.023564 
317.743651 
291.255019 
281.090927 
300.688229 
296.544173 
296.924079 
316.643336 
313.098586 
303.912577 
291.335768 
296.994254 
304.952528 
310.473284 
298.033323 
290.748574 
293.184443 
288.161422 
304.877628 
290.310215 
295.683006 
304.036038 
313.676776 
290.509064 
291.949948 
301.574984 
299.451759 
314.327707 
309.535521 
288.932259 
313.196780 
301.534758 
291.371914 
291.931633 
299.760519 
285.080700 
299.710910 
287.123335 
296.219065 
300.787549 
301.237892 
289.923745 
288.191375 
287.789500 
311.864419 
296.785409 
313.041668 
297.440520 
302.279108 
313.526098 
296.600906 
292.443599 
293.241624 
287.585181 
287.900227 
282.212869 
291.270669 
298.962055 
299.357901 
294.464230 
294.480413 
284.917498 
298.996902 
314.390829 
302.513041 
293.956011 
308.340939 
291.646366 
281.658794 
297.633001 
301.820707 
297.381626 
295.538983 
294.255330 
288.127156 
297.071111 
303.730990 
289.094731 
296.959806 
293.310002 
295.340512 
290.240919 
290.670211 
300.983102 
288.155125 
302.804909 
322.878770 
319.627945 
316.351660 
304.061152 
294.536493 
289.246619 
295.782657 
296.397480 
289.453762 
292.614633 
296.503661 
299.332071 
306.676517 
325.142104 
295.368980 
295.552793 
286.350443 
281.856821 
297.183331 
291.807846 
294.942194 
295.134062 
311.477017 
296.367644 
296.531187 
289.747395 
312.208191 
289.876075 
282.206003 
302.585068 
308.292419 
306.651961 
291.025929 
286.692523 
302.936673 
289.023859 
322.705216 
281.037532 
304.606708 
285.235076 
306.398519 
291.494649 
301.644728 
297.140164 
300.273666 
298.618442 
289.319604 
294.476752 
305.215059 
291.049925 
278.721474 
303.299244 
308.705185 
313.549043 
323.401052 
297.685736 
282.181049 
297.550566 
307.672219 
282.456101 
293.661137 
298.746599 
299.246323 
321.974109 
299.314246 
297.536117 
291.757203 
298.342821 
282.105419 
298.129778 
288.073001 
302.036303 
290.398021 
313.442916 
297.652835 
296.564659 
288.756539 
299.670826 
303.505588 
284.297638 
313.651636 
295.468663 
295.024165 
292.826329 
291.798152 
300.502236 
303.372981 
303.627141 
316.123619 
294.489552 
313.249090 
309.329925 
302.464549 
300.291221 
283.857633 
289.425401 
300.157787 
317.127509 
304.388082 
313.328713 
301.141590 
316.709980 
304.526833 
309.334217 
295.953263 
298.952588 
324.204587 
321.838958 
313.148681 
294.132119 
298.744419 
313.708289 
281.431674 
290.750260 
293.373100 
296.989276 
296.588877 
292.790968 
287.750050 
309.061875 
294.911086 
299.937311 
301.513761 
295.740112 
288.107856 
288.006000 
285.500565 
301.282325 
295.677448 
301.249004 
301.713302 
286.285484 
294.218467 
296.161553 
308.164903 
291.945307 
299.586319 
299.603410 
299.385393 
300.561329 
297.681212 
282.065101 
297.202894 
298.124040 
292.586596 
286.054854 
303.950438 
292.483926 
281.077777 
291.213288 
301.220470 
288.596727 
285.217683 
300.765210 
294.043253 
294.557695 
285.786443 
309.467503 
311.707111 
318.719708 
291.757450 
315.450091 
297.974011 
308.101726 
298.513868 
306.454406 
290.853366 
311.518340 
294.326379 
293.110771 
297.225026 
304.599881 
290.943872 
285.313733 
292.530119 
295.337289 
289.921572 
302.741344 
299.332720 
291.880140 
313.898804 
294.824590 
308.627741 
297.989159 
282.822500 
292.023777 
297.321571 
292.507231 
307.098712 
289.251692 
291.610797 
298.986429 
290.995491 
305.530218 
294.919918 
306.722341 
293.898697 
301.721554 
300.082555 
303.001796 
299.178438 
293.076178 
288.190525 
295.397672 
307.037127 
287.816485 
300.850417 
296.468818 
294.000795 
317.611922 
292.507435 
304.998470 
290.289525 
291.046982 
292.698523 
310.800215 
296.003457 
290.977157 
291.923490 
292.615229 
318.422867 
309.295347 
298.877954 
314.584189 
320.436883 
299.245351 
302.132851 
301.149730 
313.549399 
287.397793 
309.157130 
298.013602 
301.741443 
290.051621 
315.619992 
295.816555 
287.739725 
280.505178 
287.348517 
287.957957 
296.795538 
310.089602 
304.911480 
299.450908 
288.865838 
298.550983 
304.984107 
294.929951 
290.182780 
295.281257 
291.995833 
281.791681 
310.755238 
291.124871 
322.848290 
296.990864 
300.024640 
283.893767 
298.142715 
288.646163 
305.483974 
293.352756 
315.459667 
292.773932 
300.019701 
288.970617 
293.415922 
288.925176 
285.652044 
280.266288 
302.650035 
296.294310 
312.789604 
299.644326 
305.702607 
290.790402 
288.377996 
289.280258 
302.526664 
294.719609 
299.585141 
288.797011 
293.407984 
304.267455 
278.447919 
297.524170 
288.500217 
320.743341 
285.415875 
307.277837 
288.726842 
283.268141 
309.886623 
282.945783 
300.644260 
311.336285 
296.153862 
310.066570 
291.438059 
296.253890 
298.563308 
292.538817 
285.870920 
308.562133 
304.868366 
299.672314 
303.734450 
300.321465 
310.952981 
298.438690 
288.970977 
290.764881 
291.296077 
293.584725 
289.626462 
300.293124 
285.652066 
298.363945 
292.745857 
285.095049 
325.653216 
308.800530 
323.004640 
308.198803 
315.900086 
300.696866 
295.889313 
294.988043 
297.498863 
294.812723 
311.158200 
317.984990 
286.567136 
302.329160 
292.145374 
320.797391 
302.121631 
300.305639 
298.981926 
289.885265 
292.522267 
285.843807 
292.682022 
300.158999 
294.596433 
283.077035 
297.185007 
299.848714 
295.475091 
292.366985 
304.969300 
294.363379 
305.838817 
289.301856 
284.990604 
299.220640 
290.138976 
296.248363 
305.154754 
309.017269 
315.785990 
309.287855 
296.711469 
312.201684 
302.821878 
302.996024 
294.694867 
318.104514 
297.551074 
308.561806 
289.997648 
316.832264 
319.174491 
307.753770 
303.635565 
295.103839 
291.151418 
290.900641 
314.506422 
318.789783 
294.789236 
293.257837 
281.603433 
299.391258 
304.302105 
305.579187 
288.931107 
302.144706 
298.672679 
300.917401 
304.299464 
291.532065 
307.913658 
293.156319 
288.632215 
296.178725 
303.601407 
294.627815 
300.892257 
310.559745 
303.864968 
290.610268 
326.180761 
284.247555 
285.496150 
285.939008 
313.552378 
295.033936 
306.350264 
296.099702 
314.550480 
300.339920 
288.602673 
286.102144 
284.467219 
285.361921 
306.518452 
295.219384 
314.925210 
297.197735 
287.806467 
289.861176 
294.200697 
295.082516 
291.276858 
308.830808 
313.162526 
281.696778 
310.469994 
289.942308 
297.844806 
292.322772 
301.807014 
327.884423 
305.995642 
285.575339 
301.842526 
302.322311 
303.087219 
312.951253 
306.044996 
302.567769 
299.132413 
321.762791 
287.051542 
301.964593 
305.258608 
299.723091 
303.705510 
294.721245 
303.541330 
301.036292 
297.851115 
311.023655 
306.311075 
303.007191 
307.748585 
314.548145 
300.931505 
292.537145 
298.610554 
300.794498 
290.622434 
297.381724 
292.006726 
286.633924 
290.623473 
298.596803 
307.138034 
296.669341 
289.574295 
306.221470 
297.312889 
307.827900 
291.598494 
298.660812 
302.364899 
300.403996 
293.680541 
317.569703 
316.838060 
296.153714 
300.830398 
293.720258 
309.988445 
287.780671 
293.843784 
321.805039 
311.098061 
295.633866 
306.678508 
293.318919 
279.945279 
310.414070 
303.344396 
313.275233 
318.326811 
290.576246 
296.265692 
302.827685 
292.873711 
293.978494 
293.729647 
303.979263 
288.120938 
291.001388 
294.073965 
300.373150 
303.766620 
321.078364 
294.131517 
288.575549 
309.258003 
301.496241 
320.470453 
322.050116 
300.687625 
306.497911 
286.079036 
281.954288 
296.254201 
296.692667 
296.078705 
291.998194 
300.871253 
316.150667 
292.854073 
315.338658 
314.622728 
295.891312 
323.008575 
297.110783 
296.342054 
308.728820 
304.440888 
296.363385 
307.023856 
294.450186 
294.954685 
308.173509 
287.939849 
303.827935 
290.635508 
300.425070 
303.265264 
297.882540 
303.183680 
290.114414 
302.956343 
316.398875 
288.589552 
305.207531 
314.272502 
302.545515 
295.088598 
309.242885 
290.148211 
294.146836 
301.931480 
300.678280 
287.306445 
294.791078 
291.805053 
294.091218 
291.298102 
316.252278 
298.234907 
301.409039 
282.869746 
289.934546 
298.923606 
295.007047 
300.817159 
291.785368 
288.044739 
296.722602 
295.071195 
301.858060 
294.901139 
314.791930 
298.671650 
288.601045 
289.579746 
313.386843 
293.008738 
288.677585 
294.155911 
296.873177 
310.570106 
286.196135 
299.662430 
301.637581 
275.260575 
285.930270 
322.265205 
306.906416 
298.666609 
293.702333 
299.583334 
307.510571 
296.102797 
295.664022 
296.052060 
313.591980 
295.894547 
313.481497 
298.474356 
301.556367 
287.853471 
287.481718 
298.479096 
299.165993 
297.034233 
289.312562 
300.785917 
298.504730 
301.753370 
276.144559 
294.658573 
300.154206 
290.108385 
297.917544 
292.931804 
307.484156 
301.475458 
289.951915 
300.720973 
290.591271 
289.979660 
302.595068 
301.116640 
312.051003 
299.822540 
322.642308 
306.702248 
293.962921 
319.206055 
296.752607 
288.177270 
289.923222 
298.777065 
303.922060 
293.335380 
285.647979 
289.181340 
296.260289 
296.274413 
294.415343 
295.644423 
294.550685 
288.903111 
304.001008 
285.484084 
282.097049 
284.735411 
300.202450 
292.996379 
287.599261 
291.423527 
300.055570 
301.104404 
291.404310 
314.338706 
279.729852 
287.822218 
304.562935 
287.224354 
294.645734 
297.740117 
289.455661 
307.967509 
302.436580 
316.017646 
300.058649 
315.289359 
286.980617 
293.362248 
282.840737 
280.042582 
302.407086 
288.649346 
296.451642 
289.972694 
294.544216 
301.156186 
288.360021 
291.723387 
282.819738 
303.190641 
293.334759 
310.276330 
298.123458 
285.642697 
302.466178 
285.129769 
295.205940 
286.976293 
291.825258 
313.843408 
308.617553 
310.769225 
298.860898 
296.794244 
295.049819 
297.506012 
284.977308 
284.922132 
296.852855 
314.600082 
281.631763 
326.585295 
288.898605 
300.147798 
289.945971 
305.800571 
292.977556 
302.433228 
304.979962 
294.556413 
319.668630 
311.127849 
316.317200 
296.568034 
311.126178 
285.069229 
311.612996 
305.217790 
286.616438 
316.942024 
305.475600 
317.796577 
293.380280 
306.451939 
297.541091 
295.323237 
307.174699 
317.947007 
300.110169 
317.741427 
300.125133 
307.693863 
296.069850 
304.892005 
305.847085 
294.393484 
290.661181 
278.868892 
302.502848 
299.727005 
295.873239 
292.893859 
306.086395 
299.922939 
302.668052 
293.137697 
305.502080 
293.616725 
289.739769 
285.954723 
290.522510 
286.259180 
304.689519 
306.988151 
320.756733 
284.728907 
291.758748 
302.481554 
302.830868 
293.855238 
292.112426 
305.406845 
294.300425 
293.986495 
295.791169 
294.298492 
306.982494 
295.611562 
307.324725 
289.415604 
300.243128 
297.968278 
310.489591 
297.693999 
306.860666 
294.883749 
301.129012 
296.557699 
302.356747 
299.865993 
288.173915 
298.188637 
294.334750 
290.075467 
309.377057 
290.189307 
292.399972 
293.283360 
288.359184 
299.019378 
299.324018 
301.084474 
300.010681 
298.795284 
322.857727 
293.884870 
288.081261 
285.245112 
296.120116 
286.124049 
291.513379 
293.084366 
316.895582 
316.060613 
292.337645 
294.210452 
297.652703 
284.772326 
308.437153 
307.353494 
293.435544 
292.309693 
290.461390 
299.048109 
303.062624 
304.169234 
315.404888 
308.694129 
308.058403 
311.749274 
285.788939 
291.000885 
303.674813 
326.753504 
311.969339 
293.668796 
302.411474 
292.625208 
290.730713 
295.951989 
300.337681 
293.787662 
297.683317 
291.762681 
293.556430 
300.308547 
289.548410 
292.318762 
289.678247 
304.782341 
283.288540 
293.925747 
292.164115 
312.851044 
300.255481 
287.784714 
299.662996 
306.576447 
284.246103 
310.427234 
285.018358 
284.516583 
288.356616 
299.144804 
291.964608 
288.040032 
299.248074 
296.827052 
293.444159 
321.011524 
288.016757 
298.002646 
292.444426 
293.524935 
306.708355 
301.081225 
301.578794 
290.658929 
279.605024 
315.209519 
306.384120 
313.920186 
288.456697 
311.122028 
289.744324 
300.464971 
288.261714 
307.265345 
297.414041 
300.193109 
293.936079 
299.289743 
302.552312 
314.452522 
300.932988 
288.807767 
286.910236 
297.523657 
291.327761 
300.105281 
304.266147 
302.220664 
293.414702 
304.095314 
317.880169 
301.861732 
321.581598 
297.281376 
314.751059 
299.558941 
297.760921 
293.355132 
297.759106 
306.222660 
288.585774 
280.375398 
309.761009 
289.499874 
291.306347 
302.631217 
312.526268 
302.630719 
301.146391 
290.069321 
286.282889 
299.491800 
294.516618 
310.929383 
290.801288 
287.841230 
298.142561 
300.616790 
294.288779 
294.761692 
296.635577 
285.155501 
294.897854 
309.303439 
293.137103 
294.183167 
308.083158 
314.372656 
301.794609 
303.540092 
304.835461 
278.495135 
294.728179 
304.901226 
299.014660 
302.665851 
297.002198 
311.767495 
297.797627 
310.578751 
308.454651 
299.164688 
310.847010 
282.967640 
298.005926 
284.090894 
294.557238 
308.890300 
287.412552 
298.613582 
295.691019 
298.058214 
287.035648 
295.347196 
297.635030 
304.578789 
321.173213 
287.751368 
305.586467 
302.545509 
295.509496 
313.140503 
312.081182 
297.706222 
290.116291 
294.581810 
310.104746 
286.508451 
311.057340 
305.862017 
308.193853 
318.244165 
305.858612 
304.071382 
287.595845 
307.014830 
317.749511 
303.780228 
327.801908 
292.919548 
291.476897 
283.003186 
287.416195 
309.453389 
290.096194 
306.557038 
295.060461 
296.108544 
287.633818 
299.614725 
296.293347 
303.085600 
310.963499 
299.132840 
313.113094 
316.695462 
301.249715 
311.045365 
295.537159 
301.633580 
314.987153 
294.877423 
307.436192 
289.472040 
297.651021 
294.275718 
293.286611 
305.812221 
296.807487 
298.269451 
301.702172 
291.776496 
299.879702 
301.102158 
299.640693 
304.815928 
300.007419 
298.482654 
300.284806 
291.595231 
295.804518 
284.515559 
299.761425 
303.251526 
288.353562 
302.957268 
295.165501 
290.443069 
309.619857 
290.496455 
293.764617 
281.625127 
287.543912 
304.702898 
284.407236 
300.535913 
313.157308 
307.444460 
311.456155 
293.301477 
316.974141 
302.665271 
312.326825 
301.930583 
285.436317 
290.806003 
302.552983 
305.668008 
300.790058 
302.736940 
293.898015 
292.793804 
285.327502 
305.841734 
298.117570 
298.369904 
284.836980 
299.338797 
287.981571 
293.133774 
296.638023 
292.395446 
299.758354 
314.811844 
292.596607 
307.203988 
298.240637 
285.223490 
294.167966 
309.630310 
303.323254 
293.270054 
312.485138 
304.221888 
295.135365 
315.415172 
293.133317 
284.533437 
299.340659 
291.727524 
306.075678 
295.285773 
287.592659 
291.222457 
297.296084 
302.738591 
290.708606 
298.426952 
297.212889 
298.268651 
306.710421 
306.843906 
298.787054 
288.729195 
293.462498 
299.952214 
292.317598 
296.179291 
293.657110 
302.810914 
289.708012 
302.236884 
286.345006 
291.837947 
290.930748 
299.307913 
299.410865 
295.080632 
290.978990 
283.205429 
301.724581 
288.156373 
289.560318 
297.552296 
301.103058 
296.877406 
293.356350 
293.361936 
311.528782 
300.383065 
303.531129 
297.370496 
290.202965 
291.745729 
297.074074 
287.712412 
294.517653 
296.396390 
303.374253 
290.144300 
292.074172 
300.442109 
292.810455 
310.599669 
289.391248 
305.539319 
296.811201 
302.804196 
292.528417 
301.306871 
303.427159 
314.812045 
300.959039 
321.107321 
322.386087 
286.760911 
302.054345 
302.000175 
296.542781 
297.877892 
290.849025 
305.725227 
289.095348 
326.254623 
300.748886 
285.132295 
303.675082 
298.059070 
295.064285 
298.386212 
293.912804 
306.696000 
292.556527 
319.347953 
315.031015 
318.885440 
295.713130 
305.491011 
298.376580 
293.839988 
291.827234 
295.450155 
300.946463 
301.004911 
297.668071 
290.478890 
294.588885 
292.148420 
298.487743 
329.957387 
303.822118 
298.582638 
298.332134 
318.638785 
313.055246 
301.183004 
298.806081 
295.132502 
299.128102 
314.069887 
311.116137 
299.223071 
316.741367 
301.531666 
296.912184 
299.827696 
300.544289 
291.385580 
286.803729 
290.993597 
298.968705 
297.049048 
311.813678 
296.189148 
289.799121 
298.576587 
292.141493 
291.279950 
305.674676 
302.275770 
293.925275 
282.014701 
301.509902 
291.740627 
300.400928 
303.995798 
305.440662 
301.660674 
295.403652 
297.436987 
287.921263 
317.272193 
304.100862 
305.648618 
289.173357 
288.985753 
323.809845 
297.878570 
297.366618 
283.187981 
290.340719 
291.478675 
310.813169 
309.683559 
299.990439 
288.908882 
311.940947 
294.591168 
309.784572 
300.234388 
310.301093 
294.243749 
291.738854 
299.031868 
296.375674 
292.324682 
296.183437 
298.916940 
320.180207 
286.016630 
293.153264 
289.518153 
303.958875 
302.605271 
309.857682 
306.043873 
291.322534 
301.632821 
288.306545 
297.233121 
303.109463 
311.752509 
292.942026 
306.713830 
291.612799 
297.957973 
296.598744 
317.274098 
291.573165 
298.538396 
309.639385 
315.492263 
322.823672 
302.951071 
286.189791 
301.022917 
287.801214 
285.526460 
291.047436 
289.620924 
300.291398 
297.816623 
297.826922 
289.817099 
299.953931 
304.040233 
298.266539 
305.433705 
298.290960 
298.148295 
310.831000 
305.655873 
297.905389 
292.305145 
289.885904 
302.464651 
297.305481 
305.877435 
305.654133 
294.752152 
283.211908 
300.326625 
279.393574 
317.055086 
311.416668 
291.394353 
295.852644 
284.919060 
295.482198 
291.337418 
294.590570 
290.206212 
295.801915 
281.836581 
297.629918 
320.901599 
309.156623 
306.881247 
297.852539 
318.062777 
304.017318 
293.202103 
304.491060 
292.394829 
299.032427 
284.796475 
282.723448 
295.974644 
293.259350 
282.873662 
310.127227 
306.891072 
296.430039 
322.380429 
299.038728 
307.409050 
292.640162 
309.635142 
299.560941 
307.421016 
289.137800 
311.479207 
316.468817 
288.967025 
317.709067 
295.474499 
300.757233 
295.212075 
281.229892 
294.697257 
292.143595 
291.571380 
297.731328 
316.471850 
294.204252 
291.094893 
309.834678 
297.823405 
300.188697 
298.481888 
300.227580 
293.668958 
290.197347 
286.289569 
284.730845 
278.011619 
296.876417 
286.539814 
287.355106 
299.733362 
304.084396 
308.860635 
292.420281 
294.593077 
289.454432 
309.175328 
293.971677 
295.916501 
292.162178 
289.921518 
291.439575 
295.805920 
319.131101 
313.293147 
298.371007 
305.111125 
295.854669 
303.106653 
299.658694 
308.181658 
295.205287 
310.877950 
315.525651 
318.407422 
295.516566 
299.664298 
297.642953 
293.912055 
285.044396 
294.012305 
297.992960 
312.283894 
282.617016 
322.392568 
300.727160 
318.391931 
292.916859 
291.542272 
288.356750 
288.313733 
294.453619 
302.466958 
296.043546 
300.787579 
294.878874 
304.887538 
296.827603 
318.901334 
316.643506 
299.809969 
302.708979 
302.641593 
314.388632 
295.282913 
301.253237 
303.810032 
299.008574 
290.151717 
298.708794 
282.647768 
287.893474 
300.757163 
306.595567 
293.171477 
291.616520 
284.380089 
306.935583 
299.222173 
316.789249 
293.597338 
293.729732 
302.394451 
301.867156 
288.750324 
299.563562 
305.485714 
309.014492 
304.418189 
292.811154 
304.215341 
294.618883 
291.335897 
288.361607 
297.897758 
293.570902 
293.953272 
302.667715 
293.506209 
305.982190 
293.863299 
300.861216 
292.985575 
289.525134 
288.079726 
300.286765 
290.283499 
299.172020 
296.962839 
297.527886 
306.197680 
318.861216 
312.922588 
306.726811 
295.677904 
307.810102 
304.639927 
299.133652 
295.470327 
300.535293 
290.990847 
310.565693 
299.257612 
297.145896 
301.209118 
293.280850 
296.056892 
291.913688 
298.137080 
296.479295 
287.715049 
298.317101 
297.983067 
300.267395 
297.922713 
300.420744 
284.256451 
296.745459 
293.676606 
304.780806 
297.833443 
323.669581 
291.608039 
303.159287 
290.388445 
297.535070 
311.384720 
286.466895 
292.483911 
314.384754 
290.346610 
314.007639 
293.636068 
297.455087 
307.138694 
289.992070 
306.966436 
292.063757 
304.560616 
295.962993 
289.326250 
321.908049 
299.473283 
284.272237 
299.327461 
305.983273 
300.835000 
299.502553 
292.739751 
287.841485 
295.501594 
295.164549 
302.571162 
285.707534 
309.419396 
298.264113 
299.944853 
286.996230 
300.437938 
322.584811 
296.701599 
300.370457 
292.146570 
289.367096 
288.752647 
289.419803 
285.738309 
284.043315 
282.058239 
296.808647 
279.796339 
293.464223 
295.708160 
296.267601 
307.686663 
305.496891 
289.359395 
284.428191 
317.380312 
287.129010 
307.243782 
288.062538 
292.256447 
303.739027 
298.668123 
276.663250 
310.414135 
281.564459 
297.743470 
288.171322 
303.067497 
284.374608 
327.289122 
287.444051 
304.961281 
290.576034 
300.307052 
289.446618 
308.782191 
309.399788 
290.762067 
293.696132 
306.230229 
288.695602 
292.142281 
291.165019 
296.548672 
280.345597 
316.059775 
294.941701 
303.728829 
297.077630 
316.894657 
309.743120 
309.580751 
305.342921 
306.759741 
322.267343 
288.915985 
312.113140 
291.300455 
299.274917 
310.572743 
298.024078 
289.653860 
298.199010 
305.355574 
305.334112 
292.037018 
315.106106 
291.351358 
307.294175 
294.067873 
284.689279 
296.994825 
292.812230 
302.488907 
310.962280 
290.686318 
302.934644 
285.167879 
290.815138 
306.729908 
305.369127 
307.213438 
293.509348 
304.992814 
291.588421 
299.177906 
294.894337 
286.910303 
295.244085 
299.581545 
298.918331 
308.045610 
287.160714 
301.061258 
309.152451 
300.491656 
296.931894 
288.217770 
297.209462 
288.386209 
298.238133 
290.094397 
290.615554 
305.510143 
288.985776 
293.165069 
291.179994 
301.666212 
323.642643 
289.458385 
293.715322 
289.036900 
288.202324 
307.454778 
317.728587 
302.659629 
306.858974 
307.089554 
297.130144 
295.678789 
295.481502 
291.691444 
293.647050 
295.300985 
287.074124 
305.972917 
291.066611 
296.384039 
293.983488 
296.476010 
297.238425 
306.686813 
303.769427 
307.548477 
285.561417 
314.870138 
293.825893 
304.446874 
287.663594 
327.675841 
295.460459 
318.062851 
289.902903 
292.923080 
317.560659 
292.123953 
305.786182 
299.738176 
291.654275 
293.983213 
320.335016 
309.285969 
294.644724 
317.725930 
297.017354 
298.748196 
291.016790 
295.370957 
297.114296 
299.583872 
315.307603 
303.161669 
311.662702 
292.389323 
302.659162 
291.589414 
287.336883 
303.570051 
289.956138 
297.063292 
308.026250 
288.615190 
296.682549 
306.114506 
301.640776 
284.920072 
284.843237 
302.916262 
297.688025 
297.192470 
300.933764 
306.962055 
290.298982 
307.543515 
317.658177 
300.774813 
287.030375 
298.257619 
300.402892 
312.238142 
301.237484 
299.273817 
309.845539 
296.500002 
292.439786 
297.672397 
300.204888 
300.783728 
304.810126 
331.472594 
310.136165 
308.303590 
318.666697 
309.246619 
291.525533 
309.307569 
303.045293 
304.598865 
316.661832 
285.959172 
291.530171 
287.079194 
297.257482 
291.994821 
302.465827 
307.444670 
313.772628 
304.109956 
298.356995 
301.876878 
301.733079 
317.802705 
313.498783 
305.571393 
315.722528 
324.349668 
302.044290 
312.762818 
298.322079 
284.891261 
293.126116 
289.362769 
311.097625 
295.140528 
321.716010 
306.187254 
288.814762 
300.443061 
289.543620 
290.531438 
302.375784 
308.788151 
294.219924 
287.801394 
320.681391 
293.309429 
289.609997 
324.055629 
299.738963 
311.148969 
309.429590 
306.458019 
286.059512 
305.528271 
283.694233 
284.422880 
316.937543 
309.766838 
287.410299 
293.650489 
315.197679 
286.261293 
300.118282 
290.608524 
296.831968 
292.940822 
297.816167 
295.432966 
301.954117 
299.162404 
296.507674 
317.090483 
303.555388 
310.435602 
286.102390 
315.945609 
293.660609 
291.544480 
290.654051 
296.669159 
293.713159 
290.166980 
294.883143 
310.520958 
298.587459 
298.560415 
290.072893 
291.272289 
280.882566 
303.107238 
288.254126 
305.173425 
293.443229 
292.741778 
292.155478 
297.872902 
300.417909 
294.711085 
278.159430 
293.092974 
298.114081 
295.899853 
299.053455 
293.271413 
314.415385 
312.671009 
299.877453 
300.317722 
289.787440 
293.920997 
308.583358 
294.187646 
302.561546 
298.779732 
291.491923 
316.036527 
307.573328 
328.660463 
289.184895 
323.935296 
298.304982 
308.131017 
320.185710 
300.598920 
294.855064 
289.107700 
309.932320 
294.233371 
307.875971 
295.705758 
308.635552 
286.911984 
315.432344 
302.326474 
304.334180 
301.208311 
315.255102 
299.993340 
292.874533 
305.897576 
288.926578 
301.918570 
290.321057 
313.621935 
297.342104 
320.953892 
295.592090 
297.190700 
300.397084 
291.283397 
311.468230 
308.765863 
310.490628 
299.612693 
315.340525 
290.313296 
291.410556 
286.938727 
303.746651 
306.498838 
315.902962 
289.472126 
292.874526 
309.268411 
293.597118 
291.529597 
305.844430 
303.997082 
294.763277 
321.244686 
318.625901 
306.354426 
303.639495 
296.598569 
296.936274 
303.564358 
306.914561 
294.691407 
306.558698 
298.988346 
317.573630 
293.251346 
307.552757 
297.937610 
293.651899 
304.555350 
292.224664 
306.767337 
307.870839 
294.910912 
292.985890 
313.300660 
317.071825 
297.259340 
307.432736 
283.898243 
303.148266 
311.874345 
288.021030 
298.801113 
305.872111 
319.655065 
310.336321 
293.738026 
303.939639 
288.773962 
300.867897 
287.029226 
294.129693 
287.648964 
306.296743 
288.435658 
319.903116 
307.158269 
312.125139 
317.362336 
314.403904 
323.894499 
299.793157 
310.059448 
297.878263 
305.200635 
293.387514 
296.362757 
292.544547 
300.380015 
302.110892 
300.268322 
294.036562 
285.552388 
302.931096 
304.623124 
298.370021 
319.853457 
292.169520 
285.659436 
299.907963 
302.660511 
287.686484 
302.811081 
298.646526 
302.669549 
301.865608 
292.794654 
291.443373 
294.408952 
295.758948 
282.934717 
288.794042 
301.214274 
296.627087 
303.262914 
314.636924 
315.314119 
295.390090 
297.064817 
304.396079 
295.770623 
297.763408 
299.909358 
306.662330 
300.439135 
295.110483 
302.383159 
301.230036 
313.490948 
295.097025 
299.759540 
289.672069 
300.747153 
295.039671 
298.973801 
293.528936 
305.703998 
311.498981 
289.143870 
296.026430 
287.465353 
314.404256 
299.303185 
304.401673 
304.361400 
292.078382 
303.011536 
295.296148 
297.705548 
309.658354 
309.074748 
294.728839 
309.462801 
302.654147 
310.328245 
293.274553 
288.566621 
288.566964 
291.797478 
300.849372 
290.558787 
313.859615 
299.692206 
296.192611 
298.435182 
287.434877 
297.614462 
305.539696 
296.145921 
316.808818 
310.224197 
316.036248 
292.854756 
287.843474 
287.825039 
294.516875 
284.635797 
285.462210 
300.558078 
287.781635 
321.768132 
288.433471 
288.841321 
297.081945 
297.454560 
291.242123 
308.722053 
288.370246 
312.931462 
311.039228 
296.999309 
291.601458 
283.845336 
298.088185 
295.713983 
291.474809 
291.987701 
290.108935 
278.561262 
305.986665 
318.219332 
293.298737 
301.017711 
284.936657 
304.389687 
289.674631 
308.227471 
315.481931 
297.339793 
