295.901570 
297.300681 
294.216371 
306.222955 
330.418485 
306.727584 
303.612097 
297.556794 
304.410135 
297.001937 
302.212952 
296.509677 
295.998103 
292.841303 
343.041598 
301.935673 
293.332061 
314.424983 
305.466048 
304.567495 
306.001657 
306.089895 
298.518381 
345.566834 
295.947711 
300.951310 
304.376017 
302.141936 
298.449273 
296.326458 
315.263400 
325.239599 
305.753054 
297.055140 
298.871257 
305.717311 
309.466323 
296.802790 
293.842487 
292.362056 
307.834460 
338.934127 
297.986794 
300.735936 
304.708986 
285.121194 
292.786068 
305.594617 
343.784260 
311.583851 
300.304302 
290.769679 
302.717124 
298.891758 
292.759227 
303.046409 
299.684059 
305.309283 
334.061950 
308.747292 
295.269758 
292.772528 
297.415820 
303.789022 
303.515156 
321.901694 
336.953091 
299.681806 
296.092371 
298.081143 
293.632470 
297.437024 
293.139954 
305.691278 
332.114662 
310.399419 
292.040212 
295.759683 
297.800147 
297.698829 
307.940384 
349.837570 
308.288352 
294.590219 
296.860514 
288.945642 
293.141558 
292.340746 
293.335210 
347.710433 
309.745755 
301.226214 
311.295625 
299.231203 
302.555333 
299.170765 
299.839807 
293.270240 
295.199201 
307.063636 
355.779605 
305.766472 
305.529903 
295.399802 
302.230987 
302.238334 
292.798969 
301.697125 
300.615318 
363.614146 
297.988088 
290.205040 
303.587948 
304.047823 
296.473825 
304.565831 
302.148805 
339.332327 
307.830977 
304.506674 
301.962917 
301.063393 
305.753502 
300.366592 
301.942849 
351.353337 
304.835563 
302.584047 
293.688018 
290.294896 
300.547827 
299.039256 
328.636876 
316.030010 
306.015156 
314.126839 
305.722928 
308.164547 
302.263282 
298.693605 
313.633201 
334.230068 
302.613495 
296.607707 
305.670702 
291.512806 
300.621248 
296.453056 
349.090903 
297.116210 
303.566195 
292.632261 
299.171698 
304.107349 
294.134697 
323.691433 
308.966135 
295.436330 
294.354053 
296.913761 
305.367371 
301.883842 
306.985929 
419.717373 
302.353079 
306.906732 
300.037847 
298.562100 
304.797103 
359.988993 
306.251292 
297.310405 
295.447912 
296.923179 
294.632634 
291.149596 
298.219114 
377.301500 
311.812983 
301.461022 
300.817392 
299.734578 
296.161000 
291.649422 
331.370029 
307.107257 
296.156931 
318.645144 
294.429253 
299.779179 
305.540461 
363.268697 
334.897826 
303.775547 
296.664574 
293.963949 
299.117511 
359.341504 
316.209483 
288.541563 
315.527771 
293.890080 
298.784717 
297.124651 
349.984237 
318.432757 
303.822462 
308.587199 
309.860429 
293.574212 
370.481492 
363.513283 
300.098633 
305.210874 
290.700494 
300.265450 
309.497871 
346.541022 
307.180047 
300.927802 
303.190450 
293.472538 
301.562446 
294.939742 
352.361059 
309.797838 
291.446659 
301.044739 
292.600422 
294.890647 
290.620453 
357.797258 
301.405941 
308.585348 
297.829435 
297.818690 
297.162845 
339.171083 
314.764611 
290.906977 
286.140147 
295.555464 
301.344756 
296.571051 
346.395178 
309.476964 
306.231660 
292.970650 
303.530893 
302.734050 
338.000106 
314.698360 
299.803008 
301.678596 
302.107955 
303.395057 
295.705759 
343.577468 
297.731020 
287.865454 
310.162062 
302.359953 
299.711963 
346.071020 
356.141470 
301.796397 
299.726716 
307.159339 
297.692424 
295.634085 
331.412333 
307.758770 
291.330772 
304.865779 
301.368597 
294.077581 
299.119240 
340.254903 
296.833026 
297.626824 
304.066334 
292.603962 
300.528340 
297.219191 
355.351424 
312.380851 
300.141976 
305.476117 
292.905541 
297.956966 
345.931194 
311.176093 
304.047125 
292.684446 
307.266656 
293.515783 
294.626822 
371.118912 
302.909663 
293.913269 
295.147347 
302.269288 
295.374367 
298.686205 
299.423058 
331.611976 
301.347983 
297.209414 
299.363585 
306.396245 
298.020852 
361.662816 
300.733838 
299.093557 
302.198864 
296.111192 
303.898259 
332.116581 
309.439074 
308.453303 
298.449058 
302.378328 
305.005794 
313.710312 
334.601809 
309.888265 
302.333040 
300.737050 
296.224401 
298.228526 
348.926123 
305.377187 
296.152825 
299.206866 
303.008037 
302.124479 
323.518339 
313.346072 
298.723311 
292.022855 
303.710214 
295.209328 
299.327958 
349.319889 
306.933131 
299.471037 
300.498489 
299.532629 
299.171949 
345.337092 
319.394319 
291.450277 
299.679778 
297.073517 
300.610023 
300.208165 
351.553799 
311.612403 
293.065652 
298.890141 
297.593138 
301.121357 
347.146872 
295.042771 
298.427161 
297.415055 
295.645785 
306.504798 
362.126868 
335.528823 
300.718200 
291.367193 
298.582507 
296.195372 
306.090329 
355.189893 
305.625383 
302.476588 
301.799051 
300.075052 
289.412384 
319.055230 
324.417141 
294.826651 
293.381176 
302.807317 
307.183007 
289.650869 
298.543325 
292.411244 
334.291297 
308.549454 
298.007221 
300.828584 
303.850529 
294.260966 
297.539143 
311.230421 
347.580135 
300.456986 
300.676578 
323.423805 
299.680724 
303.237040 
297.966419 
352.539748 
290.353910 
290.951322 
292.833131 
305.999747 
304.073196 
296.448274 
335.860313 
316.992462 
297.195321 
301.109131 
308.592576 
296.567696 
296.374082 
308.754795 
309.784609 
301.907015 
293.542094 
290.152753 
299.211875 
300.608180 
298.889832 
338.691584 
323.891556 
298.826458 
296.814074 
293.903753 
306.627054 
300.439761 
298.339057 
341.156427 
322.838346 
298.273698 
297.413230 
299.122834 
306.050768 
305.077156 
297.932837 
361.172594 
304.725631 
295.307590 
299.489127 
302.093617 
299.454365 
300.705410 
299.613197 
338.388685 
315.356617 
295.947027 
295.339363 
311.266710 
304.184869 
294.835006 
298.592979 
358.085960 
303.720705 
292.497955 
295.468645 
312.431434 
303.137597 
291.906844 
316.570478 
323.416175 
296.156628 
302.194923 
307.364800 
305.258850 
300.715002 
345.556075 
317.630014 
314.674895 
304.870399 
299.961520 
296.929879 
304.400453 
308.184409 
302.818917 
301.043912 
304.555533 
299.390002 
353.224241 
320.423499 
290.978845 
290.121564 
298.559356 
297.055863 
304.110415 
299.565600 
332.067547 
312.920852 
301.578177 
301.397119 
308.110594 
302.810787 
294.659349 
334.118346 
349.360118 
298.156184 
296.615304 
297.053370 
297.725628 
295.007034 
295.434871 
328.675254 
321.733216 
310.235808 
294.870100 
299.433826 
315.113051 
298.893730 
298.103969 
303.405125 
355.535241 
294.417024 
290.328850 
299.436142 
314.993316 
299.924719 
298.147220 
295.349261 
345.392917 
293.469868 
307.216202 
306.703654 
291.585959 
298.123820 
296.118243 
328.709607 
297.358286 
290.157359 
290.329889 
294.878046 
300.381435 
298.731916 
322.857899 
302.579555 
294.828524 
296.828949 
312.918531 
297.393125 
299.477704 
360.598003 
319.522047 
300.646583 
297.940388 
298.371949 
297.404977 
297.361394 
371.281507 
316.047488 
296.119778 
300.497189 
289.415751 
296.978209 
300.598793 
374.054791 
304.823296 
296.479578 
304.323931 
297.490012 
302.000646 
304.470517 
295.044865 
329.028673 
325.552694 
284.846229 
295.739044 
307.279422 
298.333984 
295.582794 
302.475509 
349.022262 
305.324248 
302.839579 
292.643733 
304.914775 
305.592069 
302.019777 
303.716791 
381.677771 
303.969267 
297.722837 
297.796986 
300.096213 
293.852139 
293.018108 
342.765122 
313.911982 
289.958432 
295.757755 
307.430382 
301.978433 
297.338566 
335.738168 
309.126439 
297.769337 
304.548015 
304.620137 
303.481242 
297.468950 
298.423068 
296.626838 
314.998426 
315.856550 
290.376478 
300.358447 
325.947383 
311.011897 
298.595869 
300.894029 
377.661245 
295.688349 
301.365670 
301.800172 
303.634258 
293.967176 
298.430823 
300.580764 
339.606225 
304.182552 
294.365154 
292.939402 
290.734529 
302.492348 
326.512644 
335.121978 
312.700855 
297.214701 
302.853738 
304.621217 
297.032848 
330.168709 
316.302862 
291.904076 
303.977002 
312.365093 
300.195276 
300.626249 
292.200797 
349.836243 
292.158563 
304.105149 
300.515422 
303.030941 
302.067303 
298.755713 
294.121428 
329.586732 
310.023120 
305.692081 
298.742762 
299.605121 
303.043993 
291.283519 
299.936138 
333.646790 
313.759424 
299.923427 
306.726003 
291.882869 
305.869240 
295.396013 
304.384930 
302.509031 
333.392968 
308.721321 
295.713257 
291.678655 
313.525866 
297.482199 
299.464722 
295.147143 
314.425797 
288.788308 
289.587748 
294.626265 
323.942445 
315.206584 
308.755036 
299.403340 
295.294720 
305.484560 
306.152338 
298.623498 
304.396451 
356.347414 
306.306006 
310.794594 
310.821783 
298.688538 
297.695532 
302.954597 
314.382394 
309.882233 
304.745231 
298.194945 
301.865072 
298.167456 
294.413201 
294.501491 
299.214082 
308.212505 
350.919720 
377.859765 
301.698272 
310.003837 
303.425411 
294.756660 
299.664136 
300.630153 
346.526016 
296.856763 
296.388813 
302.514171 
288.991985 
298.980278 
295.203790 
299.432953 
338.477887 
309.840518 
307.952851 
300.755806 
309.441790 
304.171610 
293.640990 
292.295458 
370.043493 
308.127873 
305.348491 
304.196426 
314.046304 
310.069827 
299.725205 
289.837461 
299.040288 
323.713513 
320.233150 
303.112115 
295.658390 
300.168072 
291.353685 
292.072818 
292.157278 
364.138196 
319.697358 
304.186226 
305.133603 
292.361957 
287.638002 
304.791109 
292.766116 
300.881543 
302.272908 
353.439943 
311.612246 
302.854201 
290.626054 
301.327971 
317.064761 
300.306490 
296.556893 
332.386956 
323.839960 
292.448478 
297.654079 
300.952414 
302.147177 
294.563298 
286.364497 
310.277766 
397.561898 
326.967791 
296.556910 
289.153703 
306.413745 
300.542064 
297.448622 
318.662705 
310.093408 
298.130255 
294.371548 
296.168573 
301.521995 
305.185410 
288.492313 
294.895436 
300.604140 
343.120707 
310.143062 
294.654498 
307.828533 
308.881910 
305.490587 
302.277894 
302.863831 
305.064850 
304.688959 
329.262145 
305.569748 
303.601343 
298.692294 
303.603697 
308.013853 
304.729300 
297.527946 
303.687049 
300.667443 
317.132544 
305.123717 
304.518411 
313.333415 
305.108115 
301.404394 
295.844292 
313.674478 
302.902262 
296.277183 
339.534972 
334.239518 
314.562498 
298.375317 
306.708743 
292.057818 
303.183219 
304.360535 
342.301074 
300.961982 
303.959819 
303.432738 
298.106412 
297.312713 
294.458041 
338.045558 
316.111260 
337.887495 
297.484764 
312.741921 
298.756847 
303.674975 
299.338392 
300.383144 
292.222645 
317.999990 
311.014029 
295.908767 
308.366934 
305.518367 
304.299990 
304.002984 
301.763613 
305.245078 
289.909273 
299.160689 
292.567707 
331.732714 
316.163450 
308.300619 
300.618264 
303.103509 
300.812437 
308.443148 
292.634016 
304.056509 
309.834611 
293.014744 
300.260115 
335.235070 
311.544161 
304.869102 
295.607242 
308.976642 
301.480683 
296.544158 
290.871217 
298.633244 
301.958487 
303.599999 
309.539482 
309.128218 
323.778607 
295.421979 
329.903650 
311.240978 
304.055265 
306.981574 
308.180376 
300.549517 
296.736496 
376.246193 
315.870384 
301.035062 
300.570261 
296.960757 
323.541841 
301.850579 
311.002771 
301.241641 
308.076763 
343.216706 
300.160968 
297.218656 
307.119487 
298.454197 
302.659719 
290.763242 
305.466765 
296.683449 
298.254226 
301.398137 
330.508149 
307.981895 
336.681979 
295.759686 
291.589191 
300.518210 
301.994637 
299.675380 
298.626366 
306.546294 
355.306173 
301.701998 
308.100235 
299.972867 
312.343927 
301.889722 
297.402827 
305.505633 
309.250484 
302.686120 
300.256942 
295.330280 
384.129027 
336.780362 
302.181266 
313.573287 
311.371763 
304.974044 
303.503262 
304.367127 
303.806384 
296.749781 
297.990204 
306.650910 
297.479126 
349.692151 
319.169962 
307.897105 
311.494496 
290.639128 
302.851804 
305.937649 
298.616518 
292.469487 
304.599713 
315.820775 
315.856088 
299.834531 
297.675270 
296.095612 
295.041008 
293.806004 
295.922986 
301.998466 
292.837806 
365.271552 
307.462218 
303.377411 
298.984081 
307.666300 
315.914719 
303.157358 
311.183655 
309.118068 
301.262388 
309.249906 
318.255941 
312.560090 
303.873198 
298.181619 
304.113452 
340.040314 
341.688228 
319.252054 
312.113703 
299.735137 
298.636693 
305.218191 
308.113789 
303.634165 
313.401386 
297.847392 
351.391481 
320.242676 
306.243219 
315.248356 
