292.919597 
297.292818 
294.042187 
301.669985 
357.615836 
318.643207 
301.349738 
296.546989 
327.461074 
300.891796 
295.947761 
294.412366 
306.118032 
302.903831 
304.210458 
300.395824 
304.844459 
357.869300 
303.965949 
307.548867 
299.084281 
308.339141 
300.130334 
305.481829 
306.061896 
313.020008 
295.017248 
304.662677 
294.915009 
303.057347 
306.246173 
291.782319 
298.028156 
301.177539 
296.871686 
301.078644 
288.817919 
299.173958 
292.028576 
299.963204 
296.912295 
302.230174 
291.566206 
297.294512 
295.955980 
303.275287 
292.910141 
302.337425 
293.604014 
297.504149 
290.280395 
298.427321 
304.350691 
289.435457 
289.735954 
299.659266 
306.365386 
291.089965 
292.268953 
302.428557 
291.260844 
297.351087 
302.928600 
302.353930 
294.194539 
289.147407 
292.403729 
301.696172 
300.465005 
293.069475 
301.065890 
332.002881 
303.282266 
299.041511 
297.335207 
300.093386 
305.335722 
293.689457 
309.233480 
305.476580 
301.526963 
298.757218 
337.530077 
306.191386 
302.776240 
303.964199 
301.614387 
308.713272 
309.057385 
304.217261 
295.322539 
353.568173 
305.534716 
307.179510 
305.158083 
298.162313 
292.374857 
298.311506 
298.824769 
328.909528 
306.939157 
299.452739 
304.704726 
311.642554 
299.338424 
305.228532 
302.082926 
297.985241 
323.666948 
313.876158 
303.506390 
307.458473 
297.632941 
296.941621 
297.211669 
291.312616 
318.458695 
345.168833 
311.486343 
310.736526 
310.464302 
310.445941 
296.988770 
294.272407 
375.402510 
303.227206 
295.446345 
293.294207 
302.421802 
299.770562 
302.390102 
300.846084 
350.502626 
317.451830 
299.228685 
303.461158 
322.177081 
324.425068 
296.807161 
321.330360 
309.274017 
305.941709 
312.883194 
295.374784 
292.647257 
299.465521 
292.313637 
300.238103 
309.854560 
324.260047 
312.548180 
299.279122 
319.398688 
306.508603 
303.951030 
307.610192 
298.521864 
297.420749 
302.743733 
337.697311 
314.105980 
307.768196 
302.470966 
300.708200 
303.166590 
301.269551 
292.256403 
341.429554 
318.186571 
311.036511 
298.037504 
298.479340 
305.769263 
303.335609 
307.333289 
339.777082 
322.378503 
307.116115 
293.688119 
306.780437 
311.219257 
307.842645 
305.588026 
368.431849 
313.805646 
316.887530 
315.890418 
309.801042 
301.394037 
307.625030 
309.832152 
343.129865 
305.645597 
323.272707 
307.620654 
304.477177 
291.913535 
295.743258 
312.821707 
309.638477 
302.111361 
307.380557 
394.000772 
306.459343 
311.327554 
300.453151 
297.683944 
306.036393 
304.753810 
293.867500 
297.482766 
342.305382 
304.600801 
283.069427 
296.717919 
309.033914 
301.732025 
296.891902 
303.533982 
309.915111 
296.706703 
301.190684 
384.647772 
310.305498 
301.727027 
306.111101 
309.913552 
296.786044 
296.175577 
299.141736 
306.337142 
288.161382 
307.716043 
361.430046 
322.150978 
305.851326 
304.946541 
296.716896 
313.535795 
309.422416 
294.712397 
291.760466 
293.626827 
302.950029 
288.195736 
298.327135 
307.657129 
377.749426 
326.317908 
306.884963 
307.573464 
302.396075 
298.665569 
294.139244 
301.974313 
300.196286 
310.466505 
335.505818 
310.139852 
298.684107 
296.362434 
310.138072 
305.580729 
300.014154 
295.467599 
360.726968 
311.049862 
292.656263 
313.983055 
301.467855 
301.781253 
298.296385 
290.116133 
301.705299 
294.084916 
300.967993 
319.841656 
376.447810 
302.116396 
309.889305 
305.621022 
297.865302 
307.434797 
294.636888 
302.426704 
305.414079 
289.845781 
309.868821 
357.666250 
300.419392 
319.641148 
300.695317 
292.895167 
290.196891 
300.881442 
300.360000 
305.969513 
304.901703 
308.110761 
364.274027 
324.585918 
302.285460 
305.657636 
311.993338 
308.480637 
312.268082 
300.376379 
292.259781 
298.480819 
295.974144 
306.811038 
309.326478 
292.025015 
343.407011 
306.356983 
304.054986 
299.749277 
309.801260 
297.726969 
304.589500 
307.133762 
292.898087 
300.577242 
297.562375 
310.990851 
300.353394 
295.091695 
297.040974 
345.409799 
343.441328 
304.379692 
310.111581 
297.986641 
290.155866 
301.951258 
299.415535 
296.487789 
302.985698 
290.993001 
302.780167 
297.794454 
368.546528 
305.493208 
304.283779 
306.902091 
307.648497 
298.581578 
288.877973 
295.763840 
298.239050 
291.840423 
297.603191 
311.896551 
339.525133 
312.334329 
313.122263 
311.679342 
294.517131 
307.182213 
307.521526 
307.041947 
296.115273 
294.257567 
288.472192 
292.761359 
374.577675 
314.040095 
300.330518 
315.435551 
294.108150 
309.281496 
290.664600 
308.651839 
291.332897 
300.427000 
300.744492 
323.477535 
324.345976 
289.914726 
300.597610 
312.480562 
307.610897 
293.285658 
292.798739 
352.506140 
335.193013 
311.789270 
297.848959 
309.442790 
305.775602 
306.145230 
305.562030 
318.083511 
352.712684 
308.034575 
322.390522 
317.407193 
308.712595 
290.258864 
295.162908 
306.289280 
303.579082 
291.851526 
308.505341 
330.185681 
306.492756 
305.573467 
302.895419 
304.011136 
296.078485 
295.683206 
298.296087 
305.478887 
301.968121 
352.760391 
297.490626 
319.376201 
307.172542 
288.136466 
293.048992 
310.620728 
291.840260 
305.722473 
293.325894 
388.432581 
314.827889 
300.627441 
305.295588 
291.794332 
305.940711 
292.690008 
303.599068 
302.157476 
301.855487 
297.918524 
327.028973 
319.911954 
306.061888 
310.776420 
307.071253 
301.851581 
297.427133 
301.733150 
307.859479 
317.027153 
320.707490 
314.297469 
312.489804 
304.164382 
294.731888 
304.500886 
307.907106 
304.470891 
320.138186 
338.135531 
332.584716 
322.287608 
302.174907 
300.134621 
312.436902 
297.881039 
295.702498 
303.907922 
384.374522 
323.400349 
310.911283 
308.797690 
307.389946 
297.276911 
296.644983 
301.588489 
293.589044 
295.236762 
356.297803 
312.616667 
298.055188 
302.236758 
300.575748 
303.810895 
298.048205 
329.796773 
312.622634 
345.763340 
301.355889 
309.986903 
299.786089 
306.546975 
304.470635 
308.319437 
300.519111 
305.199010 
351.076940 
342.448167 
316.454970 
293.715326 
288.147462 
311.345525 
301.015093 
300.160042 
315.607569 
332.945409 
323.452592 
301.637186 
308.261604 
306.660147 
312.121226 
297.335959 
291.347429 
301.091848 
360.445770 
312.998048 
301.853715 
294.651865 
305.030725 
312.104815 
308.239528 
304.398818 
361.391720 
317.689975 
311.479209 
298.879691 
303.018525 
303.705298 
308.113731 
299.549208 
315.669395 
312.512110 
338.789596 
313.484633 
306.136901 
315.413816 
312.768913 
306.999195 
305.868270 
298.227439 
294.937061 
342.575306 
313.567370 
296.400310 
312.395473 
303.858283 
301.536276 
300.485539 
368.069303 
298.145314 
297.666550 
305.445124 
300.617203 
299.269306 
341.645735 
311.342855 
300.673048 
300.399944 
310.483062 
300.603913 
291.256857 
382.743748 
336.582199 
312.646900 
303.865574 
308.281238 
301.612945 
331.095580 
314.706493 
303.009992 
300.039455 
301.164957 
313.151483 
353.250228 
357.518622 
293.591467 
305.843087 
310.938649 
317.541668 
347.352559 
304.605683 
302.117979 
285.169848 
293.091786 
307.270623 
296.560559 
300.369175 
311.091226 
454.678307 
330.208399 
301.386679 
300.802451 
300.041874 
299.327146 
304.000564 
364.604366 
303.211196 
297.662916 
304.092767 
305.707463 
293.166220 
357.709900 
319.310330 
297.434163 
330.038295 
310.946753 
297.713087 
352.217240 
313.164779 
296.727661 
308.958285 
302.248828 
306.343921 
344.791473 
308.808825 
305.490934 
312.567334 
301.086642 
312.024894 
302.281529 
350.720689 
307.777730 
309.777255 
310.625639 
309.705927 
300.848678 
359.072133 
304.950503 
314.441041 
313.622525 
303.565182 
301.318385 
331.276618 
317.501703 
301.356275 
316.936141 
312.715515 
298.743255 
339.803108 
347.882323 
305.467968 
305.775194 
316.397620 
304.815797 
348.702751 
322.564339 
310.543238 
308.871981 
321.904985 
285.659049 
372.729761 
310.094455 
304.090885 
330.264401 
349.912585 
301.245351 
360.563655 
306.515095 
298.788678 
307.017186 
296.227194 
302.697308 
342.634291 
323.845488 
307.583845 
297.621248 
305.147557 
308.374899 
298.174819 
328.202719 
306.507812 
312.412643 
291.938905 
307.268303 
297.852449 
301.138820 
333.241384 
327.233338 
312.960403 
311.889264 
304.065230 
305.436832 
311.860567 
297.138042 
296.713285 
310.409572 
355.979693 
316.385153 
303.389824 
299.173853 
313.924071 
297.833750 
305.108598 
344.268077 
331.065443 
300.170763 
303.730054 
309.353610 
302.145054 
322.102223 
317.763887 
299.191712 
299.305224 
302.134746 
306.460660 
299.957890 
301.084065 
310.556754 
374.656624 
330.727281 
300.047876 
352.592650 
305.875045 
364.900745 
314.486440 
298.007617 
297.491079 
302.021323 
342.181610 
305.379030 
307.471100 
301.275057 
299.038924 
340.736938 
324.663996 
311.666242 
296.669494 
296.857754 
308.951237 
343.816397 
319.127198 
294.856659 
299.100988 
303.455102 
302.907105 
339.241349 
312.108884 
314.618582 
301.224225 
306.148860 
352.990553 
317.132098 
312.281948 
326.199748 
315.042319 
313.580820 
333.348071 
324.695524 
306.614467 
290.103717 
307.538888 
377.375919 
299.561014 
299.760313 
308.469655 
301.139672 
329.855457 
332.349190 
297.921805 
308.266877 
298.345814 
355.616649 
361.062828 
317.653502 
313.194500 
294.638644 
300.550341 
368.643250 
298.592169 
331.743527 
337.905793 
325.255725 
306.444089 
289.671752 
354.610403 
304.115366 
299.158555 
291.035419 
291.410929 
292.645260 
302.621608 
328.068451 
311.948312 
296.058689 
300.251275 
295.372682 
304.408628 
333.200969 
320.202239 
306.772364 
301.119575 
299.038174 
296.070776 
298.132018 
349.023142 
312.301589 
309.890677 
298.532442 
289.049520 
295.745100 
304.969608 
295.322026 
346.812689 
302.166906 
298.820067 
298.103827 
300.816426 
314.554073 
316.091309 
295.835963 
307.755572 
290.802202 
307.823666 
337.654600 
317.800623 
293.010286 
301.816196 
297.302830 
299.929920 
298.110486 
336.136686 
295.414186 
294.053232 
297.266679 
313.489506 
295.558290 
351.471449 
298.920235 
303.357746 
301.614772 
289.489078 
305.180657 
333.741451 
323.495207 
293.032553 
301.403616 
318.985439 
316.940475 
347.895357 
315.208273 
307.091496 
302.050070 
310.735936 
307.602838 
348.129069 
299.019724 
299.343876 
288.084962 
299.330372 
302.906744 
342.486898 
303.593900 
361.922381 
334.297301 
326.714458 
325.494216 
403.569563 
367.460462 
378.882695 
308.725348 
314.007192 
306.795714 
395.206505 
342.479966 
353.729160 
305.841072 
295.760111 
327.313980 
354.494857 
415.595348 
332.855764 
355.982528 
323.116677 
364.871202 
413.509737 
324.897296 
303.911484 
305.792894 
353.255126 
306.236054 
297.431817 
288.295077 
288.015460 
291.956988 
346.534049 
295.861747 
295.978904 
302.387906 
295.415799 
291.833559 
331.441337 
299.988425 
286.804317 
299.952410 
304.616499 
334.319572 
317.841327 
297.216816 
302.371106 
293.012928 
299.833997 
301.661092 
344.766354 
313.677956 
305.248009 
300.051131 
288.724686 
293.721947 
299.803678 
350.604576 
302.325358 
290.263171 
292.996131 
292.920824 
298.833172 
302.232721 
340.085950 
312.617526 
294.067022 
297.913250 
286.633159 
292.258925 
295.046788 
299.894473 
345.674491 
308.970939 
298.668195 
303.702288 
301.070022 
292.731907 
304.483743 
337.600818 
319.480037 
302.405280 
291.968683 
309.714274 
297.047199 
297.374551 
302.869272 
318.460106 
311.084239 
290.338071 
300.518510 
300.188829 
299.679030 
299.968451 
335.729247 
310.118500 
298.081573 
307.983729 
295.729781 
293.852475 
299.228028 
305.049424 
342.021654 
306.887197 
302.364789 
296.655071 
298.983147 
294.485720 
325.882510 
307.057013 
304.660786 
305.494079 
298.910294 
297.119976 
287.479047 
290.338156 
315.987481 
313.805815 
299.134986 
305.342380 
315.256562 
309.247777 
309.532563 
303.941427 
351.233326 
297.777282 
314.024478 
307.487991 
309.769308 
321.391477 
311.846104 
315.474218 
343.833731 
297.172075 
304.308275 
309.341229 
313.413363 
307.360514 
338.620907 
325.153840 
311.607715 
311.201525 
302.881604 
308.694315 
307.286543 
314.469635 
338.962690 
319.400034 
307.409731 
305.443058 
313.012761 
303.610809 
306.346880 
