289.915144 
281.790412 
279.522857 
278.638022 
287.817855 
278.582523 
274.917941 
287.043316 
280.134677 
279.475113 
282.410651 
282.829697 
282.466226 
279.874406 
283.327802 
277.625442 
275.930513 
278.924811 
287.440120 
281.414159 
283.324408 
278.811770 
279.585846 
285.808859 
275.076891 
279.709386 
285.928099 
278.304157 
275.646087 
278.853293 
282.916065 
282.617434 
277.673669 
275.167305 
284.488209 
290.899160 
282.332160 
286.494077 
279.740856 
281.779930 
281.951779 
282.489572 
278.365376 
282.781960 
275.156367 
280.035566 
281.757926 
281.631705 
282.376633 
283.992228 
276.956875 
289.630460 
286.142007 
295.242450 
282.327039 
285.897189 
280.445561 
275.504767 
278.877452 
278.671041 
284.665314 
277.604089 
280.139465 
275.244706 
279.170536 
281.996854 
284.857839 
281.941125 
281.699240 
281.802633 
284.538325 
280.974472 
282.504773 
278.734242 
278.294536 
281.402803 
289.841270 
287.024904 
288.596511 
275.454539 
278.469026 
295.881922 
287.859855 
275.433313 
275.818477 
276.082833 
277.977202 
280.038563 
284.973261 
282.741263 
277.963542 
285.081630 
282.730425 
276.340625 
278.674622 
275.021995 
282.076441 
281.624689 
278.708471 
284.673366 
283.299461 
285.870216 
284.822268 
279.234249 
283.051429 
278.806105 
278.703369 
293.202998 
278.726912 
282.543127 
277.288907 
279.713083 
278.434543 
283.190924 
275.927444 
281.309961 
292.830462 
288.365234 
309.879823 
278.744439 
281.744266 
284.308929 
275.184601 
282.570180 
279.896402 
283.252478 
289.075275 
281.163082 
281.745688 
276.318395 
275.225041 
278.766145 
281.073874 
278.882087 
275.781618 
283.033645 
277.858326 
277.040689 
280.439111 
279.954607 
281.421813 
281.645967 
278.052541 
278.457720 
275.665900 
279.383620 
275.586756 
285.858867 
283.647891 
279.564273 
285.121964 
281.481082 
288.650357 
281.811449 
288.798123 
284.914285 
278.695833 
278.139018 
283.664355 
283.669731 
289.809934 
284.268228 
290.775957 
277.353650 
278.930025 
277.876559 
278.414340 
279.032628 
294.608052 
281.186904 
276.334730 
283.761123 
275.399387 
284.804435 
286.336275 
283.972101 
280.228064 
279.250919 
281.809204 
281.996000 
278.520175 
286.052191 
275.422814 
279.309270 
282.973983 
279.594028 
277.133088 
285.634096 
281.551794 
281.511327 
281.691176 
281.907448 
280.486161 
275.954898 
277.918930 
286.288057 
281.634139 
277.668507 
274.680078 
279.361822 
285.395513 
279.977758 
282.175085 
278.322705 
285.595198 
282.191887 
278.845208 
284.734708 
278.600593 
281.151442 
278.369160 
275.701990 
275.145444 
285.441726 
281.523124 
282.149065 
275.107873 
279.195297 
279.358185 
281.004876 
292.443905 
285.127470 
287.131325 
281.173852 
279.415705 
285.413287 
279.718876 
278.656931 
284.593092 
281.336608 
279.225018 
280.790650 
278.715761 
278.152823 
282.127287 
278.094903 
279.036860 
277.365042 
275.078415 
281.547050 
284.476285 
278.636015 
278.708497 
284.783778 
277.994600 
285.397677 
275.050271 
275.264155 
278.495439 
280.946024 
280.761311 
278.304309 
284.437258 
280.059335 
282.669354 
284.559129 
305.584219 
279.607139 
309.586407 
301.814870 
287.905760 
278.844918 
322.826726 
283.204700 
294.486861 
283.411004 
296.142162 
289.682022 
308.650462 
280.819824 
278.833196 
285.153712 
290.685204 
285.425693 
284.510865 
278.615616 
287.609729 
280.868672 
289.013971 
285.658724 
297.326230 
284.109403 
317.894829 
280.928055 
287.793270 
281.220329 
281.530923 
297.890989 
278.704256 
277.584505 
279.069892 
280.949375 
282.867347 
281.262305 
278.267264 
276.619649 
287.961556 
274.568981 
285.237947 
275.964933 
284.598716 
281.856470 
278.124390 
282.085429 
283.495723 
280.703085 
276.310340 
275.564210 
282.227284 
283.927850 
292.627917 
285.486951 
295.770215 
284.895431 
280.892960 
286.550232 
278.606198 
279.423758 
274.753305 
281.052895 
279.037190 
283.762976 
281.714855 
275.021587 
285.392228 
281.565940 
282.630450 
275.353901 
283.772871 
286.625637 
281.543320 
281.936187 
275.125659 
278.800328 
284.983853 
277.208076 
278.019719 
279.349542 
285.692585 
278.945467 
285.249281 
275.530295 
282.472989 
285.310003 
279.048592 
284.110110 
279.445250 
282.105095 
279.557375 
282.175844 
279.769567 
282.677341 
285.553556 
278.526595 
284.387864 
282.143298 
280.684002 
277.903765 
281.533955 
284.742658 
285.358963 
281.853555 
281.053816 
286.316644 
285.508028 
283.249368 
278.244219 
286.073041 
277.676283 
282.514787 
287.122335 
281.912489 
283.604376 
279.536240 
280.556770 
277.172422 
279.075507 
278.510304 
278.026234 
282.021806 
275.729512 
280.560263 
287.863680 
276.501897 
275.322126 
275.642935 
279.349121 
281.116428 
278.561885 
278.861076 
284.395509 
282.878992 
276.895147 
278.225638 
299.786852 
280.164572 
313.852625 
281.768107 
281.291909 
283.078568 
279.674687 
278.120391 
285.460351 
275.151654 
282.996916 
279.662886 
278.779263 
275.384449 
281.657057 
278.348233 
281.340915 
279.185314 
279.763047 
279.669027 
283.819967 
279.967819 
289.069738 
278.134219 
284.492844 
284.838338 
278.758224 
281.373194 
276.169206 
275.067597 
282.171138 
284.266351 
286.029094 
280.408642 
284.856342 
276.994185 
275.625237 
281.642989 
287.873590 
278.414888 
290.413560 
278.508247 
279.303878 
300.037079 
281.387502 
277.636077 
278.498620 
278.696855 
278.188768 
279.979360 
285.016304 
278.684973 
279.156527 
279.849072 
282.993662 
277.642327 
278.728718 
281.394485 
281.069735 
284.160660 
282.572611 
282.884101 
279.056563 
281.411535 
278.367860 
278.199581 
278.567611 
284.817461 
288.894812 
283.498067 
286.453743 
275.007043 
281.872628 
282.977553 
279.264219 
278.224387 
278.325221 
278.477604 
283.549461 
279.236846 
281.655458 
279.561796 
278.515936 
290.359315 
301.024962 
287.920185 
313.005595 
281.894032 
278.073891 
275.033683 
279.747461 
281.702289 
278.661902 
290.247629 
282.779355 
276.275374 
277.877902 
283.207281 
274.900421 
279.256199 
280.839327 
282.321433 
285.315741 
288.031732 
284.857657 
289.523169 
276.072095 
275.651712 
285.126940 
282.549961 
279.947040 
279.044513 
290.454764 
275.627353 
283.308178 
281.328604 
281.810641 
275.161147 
278.197679 
278.114768 
284.030652 
280.236286 
277.924522 
277.029423 
283.603512 
279.162119 
280.419938 
284.608636 
278.563334 
291.842313 
277.974298 
285.394132 
275.728292 
282.198128 
279.339578 
278.865723 
294.162684 
285.165161 
278.223984 
279.054508 
279.406476 
291.296453 
274.825440 
281.635636 
282.290780 
288.671492 
288.343566 
281.833568 
277.402473 
284.140936 
284.437365 
279.493071 
279.007620 
287.326163 
282.137506 
280.980117 
283.857018 
288.275487 
282.169683 
276.013370 
275.039884 
288.307304 
281.597845 
280.540407 
284.163140 
274.495326 
279.988205 
285.865260 
284.854207 
281.344079 
284.747617 
294.898628 
296.590602 
291.679715 
292.578626 
284.769604 
281.531140 
283.966744 
280.258486 
285.560773 
291.022741 
282.518964 
280.255004 
291.096411 
279.699499 
284.056302 
285.417663 
279.268493 
281.223012 
293.872062 
287.611578 
292.294808 
288.920463 
282.263687 
278.389244 
279.094234 
287.489636 
278.356846 
278.350520 
289.623333 
275.332276 
279.205695 
275.225887 
282.945652 
283.019699 
279.390297 
281.346865 
284.880146 
278.881696 
287.520344 
279.047663 
282.371681 
290.760037 
275.529969 
275.487757 
278.376142 
283.661269 
285.479099 
285.296437 
282.181884 
282.658192 
286.677484 
281.436945 
282.553816 
281.320582 
287.416518 
286.125750 
278.782735 
278.336562 
274.558315 
279.230072 
279.881527 
275.203622 
275.175033 
275.671007 
288.458782 
283.088170 
275.644275 
285.842328 
279.717884 
282.176980 
277.546205 
281.805053 
282.326249 
287.332230 
281.014681 
278.267418 
280.112755 
281.151835 
276.318222 
277.662127 
285.150500 
291.310865 
277.924928 
286.341542 
285.906143 
279.204175 
278.176983 
285.308152 
277.776891 
283.771559 
275.286623 
279.724023 
282.599127 
285.826096 
282.448283 
287.435862 
275.118646 
278.110512 
278.390421 
284.901760 
283.316150 
278.813271 
275.975991 
285.288769 
279.628485 
283.757947 
281.660271 
275.509613 
282.888510 
286.494499 
280.994614 
275.003310 
276.400829 
281.867632 
276.383339 
275.274930 
281.922589 
282.297160 
277.745371 
283.548525 
291.017942 
278.609099 
277.658573 
281.940583 
276.355268 
282.330603 
278.322915 
289.097367 
282.189079 
283.926902 
281.630228 
276.546735 
285.921493 
281.542091 
277.991448 
289.972320 
281.487299 
287.359028 
282.931146 
276.702558 
286.351032 
275.405042 
285.664852 
275.683304 
285.681329 
288.241458 
285.172388 
278.053780 
277.790735 
291.421293 
275.350103 
279.600163 
283.535245 
279.040879 
286.210169 
285.680890 
280.338100 
281.698443 
279.530974 
281.834505 
278.503103 
282.537403 
282.031297 
275.574618 
275.510730 
279.985827 
279.820191 
288.726757 
279.007186 
276.982382 
284.426894 
282.447073 
281.268674 
278.577074 
285.700248 
295.305791 
308.449076 
274.757967 
278.221280 
287.791651 
275.941997 
285.205575 
279.526975 
279.336606 
282.701360 
278.645165 
278.083065 
279.517444 
281.442948 
274.816090 
282.320402 
275.352093 
304.466616 
276.178957 
313.334582 
279.403572 
277.940583 
275.159226 
275.651683 
278.363694 
277.976791 
283.256156 
278.050202 
313.965532 
278.873300 
275.205927 
283.503098 
288.309479 
283.307145 
278.692066 
278.084568 
283.555290 
277.427684 
276.409299 
283.525868 
288.106652 
284.662899 
275.916693 
279.477856 
278.766595 
279.177720 
277.948983 
312.670938 
280.117157 
284.530868 
286.460538 
285.214427 
289.186462 
279.247375 
277.116631 
286.172990 
290.309284 
275.639874 
282.002261 
289.151869 
277.861384 
286.342200 
281.765109 
275.856632 
282.289079 
276.054785 
280.956317 
276.877220 
285.711436 
286.094216 
278.351912 
282.307255 
275.656682 
284.983195 
279.725605 
280.682202 
286.688247 
280.604319 
279.538600 
281.437520 
281.361129 
275.992771 
276.013185 
278.858910 
279.742770 
291.938080 
282.178767 
284.666331 
281.472186 
279.033857 
279.560998 
281.616757 
281.494992 
278.810329 
277.576991 
279.625172 
285.512464 
282.287932 
284.862670 
303.394978 
276.106422 
321.941882 
282.134743 
319.404900 
314.698949 
298.532542 
275.232851 
278.308624 
281.008541 
275.384976 
280.133843 
283.993131 
287.495101 
284.981182 
282.852870 
277.929567 
278.670344 
279.134915 
286.851241 
279.035539 
278.839184 
278.781378 
287.105382 
275.895756 
275.416577 
278.616632 
279.027198 
281.611629 
275.345811 
281.781372 
280.186482 
282.124005 
283.829851 
276.055396 
278.176809 
282.890588 
278.258511 
287.706313 
282.870084 
285.804500 
277.916710 
279.471253 
275.242133 
280.817901 
279.221136 
278.251102 
282.974715 
279.196547 
281.570154 
278.507213 
282.954458 
281.991661 
281.620279 
279.383034 
286.467555 
282.537635 
276.973766 
281.836453 
285.183770 
282.283494 
279.904729 
284.179068 
286.046441 
280.902319 
289.055059 
282.659162 
291.278015 
282.169325 
278.500923 
278.592810 
277.903887 
283.978858 
278.892482 
278.228389 
281.755311 
279.507702 
281.158398 
277.502504 
276.122843 
280.846175 
278.618119 
283.568432 
286.634886 
282.908486 
286.820409 
284.812582 
278.387027 
289.318933 
282.997011 
278.758981 
316.304709 
306.759629 
300.717321 
317.982029 
296.892541 
278.486447 
275.311383 
293.460452 
283.896192 
280.819183 
283.189120 
286.008743 
277.351513 
281.487995 
279.151417 
282.453643 
277.946429 
288.846412 
283.970863 
281.317542 
278.476618 
283.560807 
282.128736 
281.674936 
274.821325 
279.205788 
288.287744 
278.681112 
288.975675 
287.749403 
276.457191 
275.148740 
279.003130 
285.076302 
281.275467 
278.872445 
278.803563 
296.164911 
286.038016 
277.346952 
280.958896 
283.367152 
278.763402 
277.196404 
280.991999 
283.192970 
282.076308 
278.692480 
287.626372 
282.425069 
284.653854 
278.507818 
279.330568 
296.483087 
275.157586 
283.002189 
282.320960 
277.998036 
282.109592 
278.114694 
286.857194 
279.806961 
284.639299 
278.925104 
285.659281 
281.876334 
289.781884 
275.575250 
289.086670 
286.448981 
282.539157 
284.845154 
284.087770 
285.925970 
278.988581 
282.345791 
281.495005 
288.867270 
286.991987 
289.323128 
296.140257 
291.942043 
280.909170 
278.962882 
278.375182 
277.508408 
278.181306 
286.615257 
288.910285 
282.869640 
282.192192 
285.395424 
277.684153 
275.294199 
275.649395 
285.053197 
288.838874 
279.351102 
278.414852 
284.481820 
274.649986 
276.847177 
279.125397 
279.239237 
282.733913 
305.879705 
289.548130 
291.812273 
282.312359 
283.152580 
287.141021 
278.976565 
285.875188 
289.588881 
283.019284 
285.667135 
286.955345 
278.769965 
278.360719 
288.056125 
281.411358 
281.708695 
284.634921 
285.941336 
286.176375 
281.663128 
278.140340 
290.820176 
278.762916 
284.774541 
280.988904 
278.903277 
288.179255 
282.577313 
281.642063 
281.381609 
281.816918 
277.682950 
280.003293 
278.823666 
297.137352 
285.789529 
289.287398 
282.441534 
286.206250 
290.228703 
281.988437 
292.832340 
282.603199 
275.102162 
279.325868 
295.507101 
278.986198 
278.819586 
281.155022 
281.657623 
278.024729 
275.309784 
286.171063 
283.824749 
281.373710 
283.117315 
288.310329 
278.249970 
276.909997 
282.417627 
284.822911 
277.915691 
276.567659 
281.346752 
275.205000 
284.279905 
284.269546 
286.535438 
285.040918 
282.342398 
321.487435 
310.394418 
290.756100 
289.864076 
277.065595 
292.215775 
286.554566 
283.586778 
296.174904 
294.582365 
290.543428 
291.121646 
292.669267 
301.833517 
299.725844 
289.310080 
291.778616 
291.345274 
290.984318 
277.814961 
285.403333 
285.128372 
291.894484 
284.300013 
287.759076 
293.288611 
287.626055 
294.439323 
285.853115 
284.224563 
281.738495 
283.049083 
286.949739 
299.880412 
302.820330 
291.776863 
289.399158 
287.083385 
282.219782 
277.189842 
286.020938 
291.069949 
288.415707 
300.733091 
296.549606 
313.619672 
292.504970 
300.472884 
285.856459 
280.937550 
286.468244 
283.239985 
282.991710 
289.806257 
287.613997 
285.082480 
294.665960 
293.146780 
278.668429 
281.708688 
297.346094 
288.727955 
291.206638 
282.259031 
286.880643 
287.255111 
290.213319 
282.959452 
282.846758 
293.910965 
284.359009 
284.892897 
285.274470 
279.216410 
290.803487 
297.098174 
286.110303 
283.506614 
282.180504 
293.251812 
287.171034 
299.033198 
290.425679 
288.553234 
287.453172 
285.716270 
280.939262 
299.552458 
293.730888 
300.608125 
291.959707 
305.889532 
291.404437 
292.823779 
282.983870 
284.485561 
293.406322 
286.949576 
295.494193 
287.883550 
287.069258 
282.350368 
291.044430 
289.135515 
296.084754 
289.851228 
289.359298 
294.865961 
284.094663 
312.201857 
276.756163 
287.131841 
291.379635 
290.570691 
285.284921 
283.230268 
292.434188 
281.921147 
280.715498 
279.420646 
284.086152 
286.621483 
285.897723 
281.908477 
286.800694 
298.466175 
296.195426 
296.496507 
293.578072 
286.553850 
298.189688 
282.494424 
289.285170 
284.895708 
289.311133 
283.798140 
283.002778 
294.226833 
287.550541 
281.574503 
289.318735 
287.662227 
296.677020 
292.196906 
279.184872 
298.335132 
301.231327 
302.631370 
297.137448 
293.745286 
281.224833 
286.562592 
289.103634 
289.121116 
301.401189 
288.770768 
296.259083 
298.916905 
299.141077 
289.719480 
293.721664 
309.529553 
301.460728 
294.482317 
283.919617 
288.933313 
280.389776 
288.586518 
283.462322 
290.479387 
285.669524 
276.451066 
290.200082 
293.043353 
284.796168 
285.243232 
295.664358 
301.911430 
293.784913 
311.321499 
301.641398 
313.451131 
307.161714 
298.206449 
305.035538 
289.382672 
290.062278 
297.313810 
289.391070 
289.094472 
293.580261 
279.200758 
288.692723 
291.123574 
280.133290 
280.663336 
296.348525 
296.828174 
287.863445 
309.668224 
300.746833 
309.266498 
301.008111 
309.558090 
289.926767 
304.355035 
306.335343 
306.705289 
290.067289 
287.522531 
296.809197 
286.894684 
294.719001 
301.572330 
311.069296 
305.891977 
305.665118 
300.503451 
290.364438 
286.016385 
300.957942 
293.778547 
320.636252 
307.723078 
293.038624 
292.539437 
304.867258 
291.638904 
287.159523 
289.773465 
286.753023 
281.666346 
294.205115 
296.342950 
301.618374 
302.398313 
300.980473 
311.021358 
288.086563 
309.577497 
296.138267 
302.205296 
310.293433 
292.772472 
300.196848 
295.354087 
288.792434 
290.465555 
303.892921 
295.793724 
289.780935 
298.392715 
286.630075 
299.006546 
300.376826 
302.679899 
294.544981 
298.425363 
294.744949 
296.066770 
295.632850 
288.772462 
298.078678 
296.738480 
296.512061 
283.100468 
289.395421 
290.413628 
286.845845 
282.451319 
287.060754 
294.981243 
284.836764 
290.415165 
287.937817 
283.081024 
282.401985 
296.077561 
288.814379 
292.155368 
291.696944 
287.995957 
282.543099 
281.379856 
289.453412 
300.229852 
279.864733 
281.186197 
286.254759 
286.069334 
291.719822 
296.360921 
279.195708 
287.278554 
276.590735 
286.889270 
285.063384 
296.556947 
290.966095 
301.766237 
290.564761 
283.643660 
283.929465 
290.424465 
283.964814 
290.222794 
282.598670 
284.924483 
299.147307 
294.504440 
298.231014 
303.468596 
312.194780 
297.896030 
312.553709 
315.684555 
297.133239 
296.649451 
304.303370 
281.968032 
284.730978 
300.273264 
293.192937 
285.382597 
301.011334 
282.392561 
291.190639 
296.003019 
292.475952 
289.880115 
289.567640 
282.035527 
293.731713 
287.795508 
278.287711 
279.054540 
301.298725 
291.151263 
282.965372 
288.604057 
283.063108 
286.533126 
289.322137 
279.519383 
283.465605 
295.326628 
285.115125 
287.936799 
283.914062 
289.313813 
281.649232 
285.816302 
287.664783 
287.071152 
279.253594 
285.829167 
282.279292 
282.097059 
281.943139 
294.997015 
293.886230 
306.144194 
296.771179 
292.359374 
288.351413 
294.516537 
281.417042 
289.277076 
317.060126 
288.150238 
306.221453 
293.854685 
288.613675 
292.260029 
304.788639 
297.319127 
296.241877 
318.204497 
312.664919 
304.963894 
306.547020 
302.875822 
302.946566 
291.643728 
316.257830 
286.719599 
302.250326 
292.372572 
283.364504 
281.399640 
285.870812 
299.098762 
298.790962 
293.894917 
305.631870 
292.383958 
296.511560 
285.748985 
286.332535 
287.669184 
281.060983 
291.661601 
277.971381 
292.531541 
283.761548 
287.908344 
285.084375 
303.761311 
304.521859 
311.174258 
301.983321 
305.586511 
304.666706 
295.324257 
302.189511 
289.082862 
289.404135 
301.881282 
291.385967 
301.260449 
299.256406 
303.399506 
304.095953 
288.006917 
288.808548 
277.717553 
286.116779 
292.543135 
300.959281 
305.480596 
293.452372 
304.307107 
291.588086 
285.435155 
280.229488 
285.073087 
274.933357 
290.158195 
300.293098 
296.892085 
286.548957 
287.999150 
288.065089 
276.116601 
284.577392 
282.222905 
275.650616 
289.336364 
288.789693 
287.592096 
288.133834 
281.933923 
275.987484 
283.462744 
278.126487 
290.158560 
295.645603 
281.729871 
285.406557 
283.518650 
295.112338 
313.728903 
299.225499 
296.753764 
298.586826 
278.928025 
293.676272 
284.674751 
280.266847 
278.726817 
282.260786 
281.153076 
281.684962 
284.633735 
278.125288 
286.372775 
282.519082 
287.523407 
297.681298 
306.123912 
310.578950 
319.935774 
316.623374 
319.717383 
308.354311 
303.463026 
290.593876 
278.633607 
284.659340 
280.757661 
286.730726 
289.339059 
285.245185 
288.156546 
276.126910 
288.791522 
293.263959 
299.014439 
304.062417 
291.035371 
286.704124 
288.435345 
291.673043 
277.477477 
281.813003 
283.659669 
294.032885 
283.209737 
283.103243 
291.529180 
297.949897 
297.835950 
302.131844 
307.685327 
294.408875 
296.247876 
295.971505 
297.404203 
285.135511 
298.297012 
288.369838 
295.325903 
299.699762 
289.768062 
306.526188 
283.535484 
280.178034 
285.925717 
282.690644 
294.662615 
281.838992 
277.166137 
293.103664 
284.604792 
291.912877 
301.675521 
294.879310 
291.151112 
292.680195 
286.080549 
279.329929 
289.189864 
288.373709 
291.513676 
293.677647 
281.407454 
300.264505 
304.195745 
315.869709 
315.701608 
315.295016 
308.721343 
310.986258 
299.457068 
304.890248 
295.621959 
307.447610 
284.781044 
296.339021 
296.691854 
295.840801 
303.482814 
285.675707 
300.429652 
279.104915 
289.317140 
282.009221 
282.437813 
286.855441 
284.196995 
274.811129 
285.578616 
311.411008 
295.465349 
285.552797 
286.312238 
288.889308 
295.146028 
293.603702 
284.456714 
278.329085 
282.750089 
305.247662 
279.342304 
315.897208 
307.939998 
305.260770 
287.001763 
304.999902 
297.150047 
286.225075 
284.294013 
285.945483 
283.709804 
289.500845 
290.243887 
283.541466 
275.903698 
283.077655 
292.256491 
283.886806 
281.485247 
283.139648 
296.021889 
284.947417 
289.263048 
296.809593 
282.252894 
278.773198 
290.963744 
288.468831 
297.041053 
296.304935 
307.055563 
306.583565 
300.967624 
306.449436 
292.609013 
295.804916 
296.253293 
289.282356 
284.578277 
294.286062 
296.962760 
296.473819 
290.482674 
299.332296 
291.708364 
280.118338 
282.501747 
285.569955 
286.325898 
296.409331 
284.400889 
282.724073 
291.399688 
281.618470 
295.302348 
287.648277 
297.683373 
283.711559 
282.609685 
285.368432 
290.030959 
282.778362 
282.680240 
280.092440 
281.224690 
294.008646 
298.830042 
307.437770 
307.841892 
287.097882 
286.897696 
294.806600 
294.306523 
283.091115 
289.617491 
300.568034 
303.220028 
299.539576 
298.514157 
300.232955 
291.191489 
286.370262 
283.993371 
286.689831 
281.132465 
284.953611 
285.632284 
285.557792 
288.309568 
288.865060 
278.814172 
295.565534 
285.032526 
281.507634 
300.107850 
306.752591 
293.339979 
285.418961 
281.782955 
290.491632 
284.115708 
286.888993 
282.281577 
280.348508 
276.434307 
285.703643 
297.581110 
296.980314 
287.065737 
278.569416 
284.262738 
288.772596 
295.046821 
299.621965 
300.200095 
275.197172 
302.355520 
279.487442 
274.964488 
282.663315 
288.145057 
285.151817 
277.869012 
288.801765 
275.070667 
284.578875 
291.529970 
292.153324 
277.538851 
277.518559 
309.223472 
307.392823 
319.758006 
310.205583 
307.787226 
290.609997 
296.899996 
297.320157 
298.598222 
296.183894 
287.079232 
302.980488 
282.496678 
285.648498 
284.559619 
303.564427 
285.067903 
312.119567 
289.958310 
317.041706 
288.742239 
301.009480 
278.703781 
282.704208 
282.129739 
285.210206 
293.447432 
290.108969 
284.834617 
290.004530 
278.746358 
292.191095 
285.586998 
295.259409 
286.302958 
289.894509 
283.393521 
283.733981 
284.380322 
292.505209 
284.470761 
287.031844 
289.954796 
291.981058 
290.708010 
292.337730 
307.012069 
296.557511 
295.961068 
298.684158 
289.519213 
295.946716 
294.394943 
291.876852 
294.149166 
295.224128 
302.255917 
298.684253 
306.451594 
289.065762 
295.247974 
295.744189 
293.700001 
316.383060 
296.895658 
297.321921 
297.456833 
300.376929 
295.122189 
298.265828 
293.929673 
295.965415 
302.276707 
290.007157 
296.178221 
298.133124 
320.115968 
290.989702 
293.569423 
284.748235 
290.940309 
298.046372 
291.685643 
292.527968 
300.777302 
292.358997 
299.572490 
288.170210 
297.808944 
294.166211 
294.977074 
295.144404 
294.088350 
303.731011 
293.904572 
299.271012 
284.217989 
298.966798 
298.141632 
302.587160 
293.251327 
298.775967 
322.159875 
328.770901 
320.965969 
318.834514 
308.310562 
310.632428 
296.592384 
294.855748 
299.135360 
291.538132 
296.810787 
291.239285 
298.081033 
295.327443 
294.148009 
297.810071 
290.994098 
291.825016 
307.539103 
307.683625 
299.416478 
306.493080 
289.438605 
304.628224 
289.209522 
309.534007 
300.263004 
297.485662 
295.755767 
297.093294 
299.238563 
290.599462 
298.875738 
292.256603 
303.201964 
299.648194 
296.291011 
340.821195 
328.871291 
298.614019 
313.233909 
301.578941 
301.146900 
291.148382 
300.705886 
284.891780 
294.376192 
297.034984 
298.117302 
294.277222 
296.550551 
299.680894 
290.063194 
294.593054 
299.602250 
307.382333 
309.025485 
314.100932 
304.879372 
312.014786 
310.932852 
313.635802 
297.304676 
309.661732 
294.264209 
295.825819 
293.708826 
297.115171 
297.799731 
298.584400 
300.967067 
289.569681 
300.976863 
295.751449 
300.002459 
287.951897 
295.829762 
288.659398 
293.277865 
297.035628 
295.051640 
293.496231 
289.543011 
295.798101 
290.259255 
291.368195 
292.053755 
293.413571 
290.313511 
290.877577 
297.290028 
287.624337 
297.053653 
290.949381 
293.539154 
292.849356 
299.077453 
298.936596 
294.223488 
297.985157 
298.282068 
300.005558 
292.448787 
291.365821 
306.289283 
312.104190 
307.155757 
299.405293 
290.810835 
315.578371 
372.295353 
289.380051 
283.550179 
292.085490 
293.417936 
314.776461 
287.257014 
297.207172 
296.106243 
346.464815 
378.000440 
317.106712 
301.545851 
310.508179 
313.339859 
300.827956 
298.347946 
304.080509 
309.555277 
305.816767 
309.221223 
302.231036 
304.786104 
305.333107 
301.436914 
301.321872 
307.277746 
310.919604 
311.032059 
304.780166 
308.709919 
306.919231 
320.415920 
309.628048 
314.004048 
306.601350 
308.372836 
313.365287 
307.985515 
302.385416 
301.583498 
306.838465 
312.046675 
310.466506 
316.176327 
312.760792 
309.461930 
310.004530 
320.496473 
306.821975 
313.434699 
307.005922 
309.685102 
307.139978 
314.860541 
309.932345 
312.149938 
314.589085 
314.875121 
312.093132 
313.730884 
315.596295 
310.348809 
304.315005 
306.921699 
310.365912 
306.385769 
300.299879 
296.409272 
312.798731 
320.457858 
293.541752 
297.040116 
295.990429 
295.087400 
305.568639 
292.772083 
293.556538 
296.737074 
300.520656 
293.217791 
292.666388 
295.999926 
292.712942 
294.534753 
294.958678 
292.453446 
294.277205 
293.602805 
293.089082 
296.045874 
292.249642 
294.029434 
292.427158 
297.594598 
295.420890 
294.655886 
298.912256 
299.500139 
293.496387 
297.331696 
292.991863 
304.709163 
297.998429 
309.581056 
298.157952 
308.978132 
304.474031 
301.194596 
320.366413 
312.276219 
296.001798 
323.509641 
320.542238 
313.752398 
335.142906 
321.678075 
305.220886 
304.521321 
299.284520 
305.711035 
299.362584 
308.115739 
305.330397 
302.730554 
311.118921 
311.518187 
316.462114 
356.503433 
316.250939 
304.369484 
315.131251 
346.673571 
362.451653 
309.691631 
343.547203 
332.519634 
295.800581 
292.677139 
292.769978 
320.106669 
318.309056 
291.402983 
290.747500 
292.654728 
294.326982 
290.680049 
301.889446 
291.739997 
294.871395 
300.257452 
294.672585 
291.081231 
294.817100 
297.188652 
301.900873 
309.013314 
287.678185 
301.689766 
299.854564 
311.227579 
303.247045 
298.990586 
297.319076 
299.661277 
305.048064 
302.907195 
305.097436 
301.915863 
299.132985 
292.897893 
296.309558 
298.177606 
298.291156 
298.855593 
294.402706 
303.104064 
303.150482 
293.124372 
302.213188 
301.900309 
305.582410 
297.553184 
301.587284 
297.387813 
307.533821 
306.306323 
306.310288 
296.855452 
298.955721 
296.306035 
304.253713 
304.006973 
295.243146 
299.201009 
294.947112 
302.675454 
311.753266 
307.554664 
305.201433 
299.857625 
309.878327 
296.374787 
301.929855 
307.081562 
296.886185 
286.710973 
296.957943 
298.197171 
301.150011 
303.474984 
297.933610 
308.514463 
293.831316 
299.155758 
295.411697 
303.117331 
298.975420 
305.585460 
303.853828 
295.742301 
309.025684 
300.121494 
300.707299 
306.732886 
306.899442 
301.206847 
304.160077 
323.252757 
298.081741 
298.066874 
295.910166 
305.695871 
306.671740 
298.985137 
303.929659 
303.018064 
308.207558 
296.835457 
310.471534 
303.439870 
307.628615 
298.859769 
303.574580 
310.496651 
307.441572 
302.643515 
312.070272 
314.583535 
298.470872 
300.738954 
296.351312 
304.370904 
307.565274 
295.315576 
298.011645 
304.404021 
302.002849 
308.232103 
309.315307 
298.392238 
309.631912 
299.753122 
298.461467 
303.684825 
295.112871 
296.605808 
301.551778 
294.513177 
292.123240 
296.368957 
300.053643 
301.525661 
295.133983 
295.364665 
296.313823 
294.828807 
290.871317 
300.906676 
297.670047 
303.292434 
293.307777 
305.114496 
298.196982 
304.252279 
292.161367 
290.681663 
301.234088 
293.941080 
294.910462 
298.533371 
299.447713 
296.220334 
302.990139 
298.803963 
290.419675 
304.412759 
292.013418 
302.012905 
300.579052 
301.326392 
299.362370 
301.331798 
288.726815 
297.181949 
288.566389 
292.088795 
306.279264 
305.479508 
300.778198 
302.249246 
296.500716 
303.372069 
296.741168 
297.820874 
295.521261 
312.880899 
306.720165 
295.183862 
294.614634 
303.771755 
302.006771 
298.507835 
304.237903 
304.898455 
296.518677 
303.664864 
301.451006 
299.633516 
293.099371 
299.220217 
308.255113 
303.384076 
294.323844 
304.327766 
297.492848 
298.981964 
288.656940 
291.603721 
286.749024 
297.694434 
294.467751 
302.688071 
298.783347 
305.540363 
297.291474 
289.898036 
301.744049 
300.837097 
302.282151 
302.654209 
298.424002 
296.716187 
305.171225 
300.053262 
296.929180 
291.746338 
306.792430 
297.343741 
286.949124 
298.436263 
287.248423 
296.304582 
296.204268 
307.447395 
306.412598 
297.898638 
302.696723 
306.051272 
308.453380 
302.183663 
296.531176 
302.118354 
298.865537 
300.708456 
303.316268 
300.399799 
291.769980 
296.536922 
292.711132 
292.802130 
306.895815 
304.026224 
305.086626 
297.627732 
304.870146 
296.775911 
300.173553 
301.866322 
293.898399 
294.865307 
304.395765 
295.208917 
301.220074 
294.890866 
295.054919 
294.949791 
293.850513 
294.808973 
301.695367 
299.500782 
299.416873 
293.745519 
289.210525 
296.563327 
295.790745 
291.103059 
301.945672 
300.964312 
293.382244 
297.878786 
299.634492 
295.070480 
295.987124 
299.213242 
287.536183 
290.331270 
302.786683 
295.803155 
292.513360 
296.878090 
302.579759 
298.918606 
298.153945 
294.261854 
302.646004 
291.327561 
300.139102 
294.794043 
289.585363 
294.533784 
297.417996 
295.663200 
298.300499 
297.600817 
295.228798 
291.633692 
295.783357 
294.899350 
299.369918 
296.156679 
296.777925 
298.754949 
289.549325 
298.699152 
308.349609 
300.375793 
296.848846 
292.100593 
298.821248 
293.197826 
295.229642 
289.691662 
300.132521 
291.632536 
296.014947 
301.547128 
297.027297 
298.013175 
293.099814 
288.160017 
307.410425 
300.895788 
296.066859 
300.015369 
300.231521 
292.963861 
294.460472 
296.502341 
289.344235 
296.748568 
295.355931 
304.812277 
296.857346 
306.384666 
294.221910 
299.967244 
295.890344 
297.060996 
300.150473 
299.752704 
290.164018 
303.445734 
294.123550 
293.098323 
293.895801 
294.496306 
291.898701 
298.790110 
291.064094 
294.972657 
288.642778 
299.477968 
299.437660 
293.379531 
290.937491 
292.509784 
301.661557 
294.739617 
292.312877 
299.169228 
300.895413 
310.522573 
300.688521 
299.585548 
300.724277 
291.797613 
285.312558 
294.798263 
299.371616 
290.482759 
306.956108 
291.562289 
308.899296 
292.346587 
288.031612 
297.247815 
293.363887 
300.746067 
301.166020 
303.643651 
291.879447 
303.833908 
299.450172 
289.464210 
306.229326 
293.410860 
294.432656 
305.720440 
320.765895 
303.914671 
295.875288 
304.140841 
308.777786 
299.748035 
317.227598 
304.334941 
314.721790 
295.935783 
336.305381 
337.305886 
322.215933 
300.369492 
306.559261 
312.751822 
327.357468 
327.523765 
318.583522 
310.829568 
309.993287 
308.522388 
305.885010 
307.526833 
305.962304 
292.960235 
306.303116 
310.046023 
312.675827 
286.815124 
289.779163 
285.867577 
286.008774 
283.118009 
287.355141 
285.119516 
283.571650 
278.253184 
277.835239 
279.011930 
280.744181 
281.954426 
305.742062 
279.652553 
281.258008 
281.386442 
281.307083 
281.944662 
280.990306 
281.229786 
279.717239 
285.879653 
282.865530 
284.735250 
278.396826 
277.958999 
281.151328 
284.913612 
276.575967 
275.484009 
286.148490 
276.604482 
287.835731 
278.613906 
275.790938 
303.780256 
317.017738 
304.944048 
279.117155 
275.208621 
283.010063 
274.348007 
276.685824 
278.676047 
286.969769 
285.330554 
289.689293 
277.422011 
279.237543 
275.973930 
278.098631 
278.871339 
281.191072 
286.163632 
281.660616 
275.550547 
281.342108 
280.993805 
292.115276 
285.629386 
279.927717 
277.719667 
279.142116 
278.486714 
278.972831 
284.340241 
286.819995 
282.734004 
279.945620 
279.901096 
285.074928 
278.999617 
282.794748 
289.402006 
275.849803 
294.027893 
279.060939 
277.505548 
275.449512 
277.933338 
283.738316 
277.658159 
276.647269 
291.011840 
281.839611 
285.789882 
275.713554 
277.573300 
279.505871 
278.288213 
288.183188 
280.748134 
281.056501 
278.287213 
285.964857 
284.800037 
279.030987 
280.337047 
279.239296 
282.095366 
283.766320 
285.188159 
280.714343 
279.780655 
283.262374 
275.785303 
277.100135 
281.334864 
278.713251 
281.438725 
299.225337 
287.603281 
279.945160 
279.478538 
280.955220 
275.322594 
278.887612 
278.147442 
282.484222 
284.567459 
286.371620 
278.158303 
283.847084 
279.929953 
289.119784 
275.254959 
281.216510 
281.209422 
286.956846 
313.631053 
324.196170 
280.027708 
282.743540 
274.855841 
286.137821 
279.062523 
287.082357 
280.068382 
278.192880 
280.912118 
279.314630 
278.691878 
291.514854 
285.036554 
279.046574 
278.415217 
283.906052 
277.955770 
281.106441 
279.972811 
275.648381 
298.393447 
282.095584 
279.943633 
278.031872 
275.330292 
277.884871 
284.775243 
287.473538 
283.278941 
298.748379 
285.759876 
315.744722 
285.304870 
286.480546 
279.404633 
292.526085 
291.108399 
279.266735 
281.468699 
278.145675 
288.231839 
275.117278 
275.394099 
283.083357 
294.106204 
278.731069 
278.491598 
285.261332 
282.179026 
278.822638 
281.548853 
285.348494 
282.768788 
280.325043 
280.923182 
303.451227 
276.563410 
279.874619 
278.699289 
284.471422 
283.982931 
278.069777 
275.644247 
279.991773 
281.893206 
275.131437 
287.546269 
277.709622 
281.277695 
278.492212 
281.235088 
280.100922 
278.821572 
280.709926 
279.561010 
274.812197 
279.974902 
280.583490 
289.150857 
285.100582 
279.737532 
279.591391 
301.366995 
275.771243 
303.815445 
288.731020 
291.373703 
279.245979 
275.107933 
277.239966 
278.755238 
289.874382 
275.650862 
281.995280 
285.317832 
282.174356 
279.255946 
286.495084 
276.062749 
284.551909 
282.103700 
281.263392 
284.045049 
277.489780 
280.910113 
291.408887 
279.131457 
284.268011 
284.567661 
286.125043 
282.835624 
281.987145 
282.564426 
289.836755 
278.454342 
278.122661 
275.429451 
283.423500 
285.827250 
280.824927 
280.579444 
286.664047 
276.226105 
277.842322 
278.278304 
281.535540 
299.980229 
298.410276 
290.971923 
278.009970 
277.364118 
278.032329 
278.205856 
277.915514 
282.377335 
283.773999 
278.855987 
283.575036 
288.499377 
285.687666 
284.507298 
276.495116 
277.725782 
282.628245 
280.177034 
284.942393 
283.731048 
277.783150 
281.204859 
277.766737 
278.521449 
290.204559 
278.769482 
278.700685 
278.449750 
278.536481 
287.465396 
282.244325 
282.315319 
277.594237 
285.217054 
277.741762 
284.449766 
278.428703 
283.751269 
287.035518 
283.358696 
285.155284 
278.313945 
276.119470 
285.537032 
278.236115 
278.040972 
281.225560 
285.422800 
293.179629 
296.915352 
292.517648 
290.538001 
289.061713 
295.856640 
277.163351 
284.606374 
277.817239 
278.145566 
275.507565 
278.020297 
289.570816 
276.407332 
285.193755 
279.046481 
280.307598 
288.446188 
284.863904 
284.631826 
275.508001 
275.531815 
281.898746 
278.109073 
278.187838 
279.081151 
278.977337 
280.950360 
276.043453 
276.553165 
278.405469 
282.160407 
284.733544 
278.516427 
284.701484 
281.900932 
288.762889 
277.826468 
277.407260 
285.655096 
278.312927 
276.516422 
283.159871 
275.236596 
277.062317 
281.851525 
280.289905 
276.854351 
282.432897 
274.436829 
286.863274 
280.309817 
282.101119 
282.410784 
281.002409 
281.159230 
311.937099 
318.913556 
310.666279 
285.265402 
279.818288 
285.664983 
275.592437 
281.216561 
275.590740 
288.254060 
322.206919 
316.557749 
305.436967 
318.521560 
284.857965 
297.054871 
279.106430 
296.922037 
275.811823 
283.431890 
284.829769 
282.032661 
283.158924 
275.310088 
280.517194 
277.595842 
278.032717 
315.978164 
295.233470 
309.591806 
280.421846 
282.309587 
288.276163 
278.992227 
277.484385 
285.689263 
283.247230 
278.766113 
279.438895 
278.558185 
278.374191 
274.558287 
278.872080 
284.997326 
277.563393 
289.936731 
294.030191 
289.908752 
279.901048 
278.725979 
282.701719 
283.340507 
283.832993 
275.518733 
282.840164 
275.274774 
278.295877 
275.078618 
281.817618 
278.713542 
278.902240 
282.709297 
278.833712 
276.635842 
282.079390 
279.506814 
276.567150 
287.896124 
281.774708 
289.449341 
278.176134 
275.911968 
279.083064 
274.967337 
278.228414 
277.887362 
284.640689 
288.711861 
282.655014 
286.767708 
283.044409 
286.832435 
279.645713 
282.851249 
274.919943 
300.585905 
278.915282 
275.394381 
281.608890 
274.979345 
279.267579 
288.216210 
287.018391 
278.306926 
278.034753 
282.204569 
283.668930 
285.562682 
284.607723 
283.430890 
274.841808 
281.617066 
288.985268 
285.780016 
291.461559 
291.980684 
301.406942 
294.519655 
298.828768 
310.471272 
282.444607 
288.582578 
305.977333 
311.372240 
314.892779 
321.190651 
305.754142 
297.868486 
312.088493 
306.147334 
299.673175 
298.859999 
303.279345 
303.043768 
295.868801 
300.092547 
296.467117 
300.133750 
295.633181 
310.706579 
304.336494 
315.314001 
307.238620 
299.243099 
305.786336 
307.734285 
315.814841 
316.267111 
307.710942 
298.556127 
317.468949 
305.533905 
297.244579 
303.115094 
313.300880 
291.664752 
286.670690 
297.443415 
287.881976 
291.851974 
280.913140 
277.750651 
279.405012 
281.482987 
283.870009 
282.339713 
283.389518 
276.107094 
279.864928 
285.247756 
284.833599 
278.605008 
277.599077 
275.630493 
300.922020 
319.022054 
295.929663 
283.917418 
284.391864 
296.477768 
287.762309 
277.759375 
278.315866 
278.110979 
275.270054 
279.862036 
278.846029 
290.228091 
275.358767 
282.841858 
292.238040 
282.495970 
278.357484 
286.582517 
293.703826 
289.197099 
291.261950 
284.635637 
285.105939 
276.068833 
281.261307 
285.734371 
281.370260 
278.681956 
290.236856 
283.424272 
280.600541 
284.939402 
275.394114 
278.279599 
278.645451 
278.265080 
288.259198 
276.279577 
277.698264 
285.691273 
277.604754 
279.561982 
281.489534 
291.510133 
281.552243 
275.292998 
281.504598 
289.310397 
282.513464 
281.063622 
278.555045 
281.412433 
283.368509 
288.614380 
278.724189 
282.042407 
280.108449 
280.150017 
274.328135 
284.905347 
278.852892 
282.044660 
278.233749 
281.666931 
277.237172 
278.459771 
281.150323 
283.656211 
276.055035 
277.722125 
277.829627 
281.919401 
274.797350 
285.054116 
275.588253 
281.618579 
274.747998 
275.569387 
285.270700 
282.802396 
277.690980 
275.576393 
284.975932 
278.280438 
281.900612 
280.941077 
278.869930 
284.897476 
278.314137 
277.759891 
277.772318 
286.088909 
281.265232 
285.677298 
284.156961 
274.917931 
275.467081 
290.870805 
278.117905 
275.077593 
281.869537 
281.886893 
278.042701 
281.254136 
274.782541 
285.057690 
286.198035 
283.176646 
286.966524 
280.672447 
289.404204 
282.675872 
280.291501 
278.964055 
290.696062 
277.924152 
279.496486 
280.931109 
275.793152 
286.302106 
277.748601 
275.180611 
275.588348 
276.889450 
289.122062 
281.564457 
278.189689 
278.020593 
279.440663 
279.447291 
277.875543 
275.017980 
275.247524 
284.376928 
275.559655 
286.677302 
277.522796 
280.698433 
278.425384 
284.510801 
274.912888 
290.477627 
279.036042 
288.954794 
289.576255 
286.316305 
285.317074 
277.213241 
275.006575 
295.576354 
292.498298 
282.604313 
283.819313 
282.483170 
276.087641 
280.926795 
284.354499 
277.969197 
280.138509 
274.948912 
285.340242 
295.555415 
276.587962 
285.431874 
279.066931 
280.255473 
275.088493 
284.836390 
289.255913 
278.009654 
278.092210 
280.227401 
274.815450 
278.165419 
282.456044 
277.901832 
281.775045 
278.303886 
283.234583 
286.745582 
278.652975 
281.032018 
276.214028 
284.941740 
282.240556 
279.314343 
280.800280 
285.695054 
274.737541 
288.283503 
291.962348 
290.320161 
299.795530 
290.123765 
280.371542 
284.110538 
289.344298 
286.963332 
281.630833 
287.250876 
275.143858 
281.702316 
274.771913 
274.878003 
282.690092 
279.004054 
276.196812 
277.632517 
285.054809 
285.234314 
283.938688 
277.933247 
279.453817 
278.333893 
282.611389 
288.466984 
287.456956 
282.178291 
288.368449 
276.169968 
295.431119 
279.768070 
278.899159 
277.673629 
275.624981 
285.468323 
275.531768 
277.773451 
278.968596 
280.141654 
275.047667 
294.203583 
280.794980 
277.945380 
291.261392 
293.303333 
278.914991 
281.034866 
285.382760 
281.310522 
278.771441 
281.304102 
304.384792 
286.225225 
279.206166 
288.012457 
280.614421 
277.743564 
281.319256 
280.932404 
281.802020 
278.314309 
284.957584 
277.804700 
279.757559 
279.694788 
292.017847 
281.257624 
281.387504 
282.230072 
287.099211 
278.928920 
282.423966 
287.698089 
283.723740 
282.250968 
281.707373 
283.459736 
280.967862 
276.773016 
284.996213 
277.526877 
276.482597 
286.979880 
279.926836 
276.427645 
278.763847 
281.082376 
279.569031 
281.146422 
278.408602 
282.071013 
281.679271 
278.008489 
278.780136 
283.549815 
275.792041 
275.706009 
278.865277 
277.308488 
277.184246 
277.974725 
279.136350 
278.966603 
275.608990 
286.493729 
280.754055 
288.573273 
281.902703 
280.886947 
287.318100 
279.992793 
288.903091 
274.478880 
278.299742 
283.485974 
276.930580 
286.585196 
275.490911 
293.159708 
278.063566 
282.885992 
279.750836 
288.193769 
278.675037 
278.152537 
285.480162 
283.935265 
279.391675 
283.291977 
281.226269 
274.826049 
281.843344 
286.499088 
278.478109 
278.245282 
282.216343 
284.337805 
275.281493 
275.611963 
281.432713 
293.202178 
278.337462 
278.099440 
278.867679 
282.540307 
279.210103 
283.087475 
281.936334 
274.963955 
281.122915 
286.723624 
278.000008 
277.885151 
279.313164 
276.289786 
279.067165 
278.317822 
287.287814 
279.045777 
287.627595 
278.915062 
285.631368 
278.229682 
289.950250 
282.092382 
274.736423 
279.314116 
282.033967 
282.222200 
282.473034 
276.297837 
282.241692 
287.907322 
275.762235 
275.435216 
283.251923 
284.852129 
284.754487 
276.678060 
283.649337 
275.559720 
278.237927 
281.614692 
281.294161 
278.590647 
287.244273 
283.479384 
278.161960 
283.259710 
281.561860 
277.786461 
279.992255 
282.752496 
281.428340 
277.951919 
278.548282 
282.537971 
274.813208 
277.978381 
278.702966 
282.715873 
281.514729 
284.857714 
277.494956 
278.440370 
279.910404 
278.283004 
281.364809 
281.263746 
278.760955 
284.693416 
283.489701 
277.873433 
277.824375 
275.329795 
274.732470 
279.182240 
305.178366 
319.182838 
306.160711 
292.675640 
286.572850 
281.613022 
282.599861 
274.693994 
282.268553 
275.351296 
282.818753 
278.304041 
278.090410 
278.548066 
277.764788 
287.307127 
274.477961 
275.283288 
285.165073 
282.342153 
275.899660 
277.209099 
320.049477 
279.461502 
297.570405 
278.831143 
288.501732 
284.510251 
281.236801 
287.543755 
282.149738 
281.135189 
282.958107 
281.117891 
275.046221 
284.598749 
287.446677 
284.510052 
275.786064 
283.172372 
280.903116 
282.308082 
278.173871 
274.717443 
274.509887 
274.757297 
277.725774 
280.383701 
279.500269 
288.042804 
296.236240 
276.328685 
287.208582 
276.642980 
275.890148 
275.115146 
284.404713 
284.731884 
279.145025 
274.546931 
274.835028 
287.766478 
284.734904 
282.278364 
278.974656 
278.117434 
277.674363 
279.756039 
281.061316 
278.321642 
278.048224 
284.423537 
281.735604 
280.766363 
286.329442 
279.405893 
278.995884 
282.736074 
290.399864 
289.842775 
281.891204 
279.441314 
280.172580 
274.838067 
275.768203 
278.212364 
281.667009 
280.999408 
276.424399 
282.020845 
278.320328 
278.319114 
279.486954 
285.313795 
279.936783 
281.915278 
284.023980 
277.468614 
278.490231 
287.013511 
290.495330 
282.867961 
285.468545 
281.337911 
285.319708 
278.151694 
284.324580 
287.236754 
274.857110 
279.626243 
284.019449 
275.580920 
284.597573 
276.827402 
274.970523 
289.627011 
275.152296 
278.876267 
284.192834 
274.805886 
282.380242 
278.552322 
278.090207 
281.606450 
283.960306 
278.010129 
282.029306 
286.203159 
285.552574 
280.949624 
286.357316 
282.905443 
280.235375 
275.261402 
278.274545 
279.916020 
278.833708 
275.728342 
281.848536 
285.385752 
281.120832 
277.960989 
282.991882 
275.721398 
281.433762 
282.297419 
285.013518 
274.466548 
278.782601 
281.269040 
278.056051 
279.362560 
278.013428 
279.055810 
281.009830 
281.191734 
281.524582 
289.847206 
277.840505 
285.596442 
291.642966 
295.628233 
296.495739 
292.737676 
286.202796 
283.899131 
283.100976 
285.801799 
290.202960 
278.721215 
281.275496 
288.617704 
275.772095 
283.291547 
282.131433 
278.617723 
277.942189 
283.678745 
275.306163 
274.751629 
282.049844 
277.410711 
284.283334 
279.984539 
279.751164 
278.838611 
282.544571 
287.229560 
278.671711 
284.922073 
285.011732 
280.596317 
285.463435 
277.982656 
282.540296 
285.582197 
284.389694 
278.483442 
282.651673 
287.362543 
287.720545 
279.118356 
278.071044 
274.803565 
281.249918 
276.119695 
283.531573 
280.867825 
275.539424 
278.361266 
278.098631 
279.739703 
304.122515 
283.435237 
290.609311 
274.468959 
286.868240 
278.539264 
277.524731 
279.566928 
282.692628 
279.196767 
279.259574 
286.084000 
281.712485 
281.784658 
280.959735 
284.459485 
275.127464 
275.350927 
276.489288 
286.305767 
305.902910 
308.320643 
284.010470 
280.201156 
285.453203 
274.976694 
275.812119 
277.458048 
280.639777 
284.092489 
277.352461 
279.122449 
282.293861 
282.466262 
274.784429 
278.025446 
279.689458 
287.293987 
277.585909 
278.407173 
286.621391 
280.027492 
280.498778 
274.741028 
278.496597 
274.810694 
278.001033 
282.638940 
275.295093 
278.635242 
294.378040 
278.952990 
283.459673 
278.405042 
279.003382 
282.131603 
275.131460 
282.872683 
282.717911 
286.109664 
279.300755 
278.644578 
295.851076 
282.270813 
276.869397 
279.149606 
278.766055 
277.828275 
275.021238 
279.891612 
278.106238 
278.976841 
286.417807 
277.887433 
284.868769 
278.286028 
282.211721 
277.803050 
274.636827 
284.947912 
275.412868 
285.887341 
278.843313 
283.594336 
283.874139 
278.264510 
280.627366 
281.487640 
278.046014 
274.943378 
283.146425 
293.090969 
278.345182 
278.589268 
288.354818 
281.879556 
277.160006 
285.757300 
299.250019 
285.041329 
303.646112 
281.684844 
274.590190 
274.891766 
276.714678 
281.747601 
279.267709 
283.466829 
282.748665 
284.707321 
278.104395 
287.854847 
285.703662 
275.003123 
275.580771 
281.798093 
287.168789 
290.013676 
300.680022 
321.548504 
277.001846 
275.943781 
278.172918 
277.665719 
277.272276 
280.684599 
287.608408 
277.123314 
281.463396 
281.334043 
275.672242 
284.217642 
275.648612 
278.983002 
280.661829 
275.010957 
280.906764 
275.184949 
279.323830 
279.009956 
280.917099 
275.651509 
275.086518 
282.020593 
289.919642 
275.753296 
283.440111 
286.959784 
287.392102 
275.170265 
288.957386 
282.209738 
278.644423 
275.136236 
275.712824 
280.617952 
278.196403 
281.188728 
276.160376 
277.312356 
278.999062 
279.057073 
283.807294 
277.986857 
278.556358 
282.909122 
284.554928 
285.166671 
276.209317 
290.419280 
278.742001 
284.821894 
282.516395 
279.380469 
278.231439 
283.204194 
281.899643 
279.023109 
280.389628 
275.506061 
276.568129 
289.563836 
288.207432 
275.273847 
281.928931 
282.634095 
275.749382 
278.850096 
278.187477 
280.612066 
278.866109 
279.009269 
277.887514 
283.173023 
278.331333 
285.276913 
277.781850 
285.625769 
283.105343 
284.859394 
284.193125 
283.199681 
279.548710 
274.795141 
284.675366 
278.322474 
278.757583 
281.745971 
286.158819 
276.151006 
279.431294 
278.387106 
280.106181 
285.113858 
286.448980 
284.764988 
278.615244 
279.216785 
281.124151 
274.628823 
277.939957 
277.612283 
278.133356 
285.267139 
275.523584 
281.905213 
283.458004 
278.172955 
281.339334 
274.742204 
284.641130 
279.692187 
280.121617 
278.590393 
282.518970 
286.874626 
299.153488 
286.257662 
278.219414 
278.330539 
284.622074 
276.433827 
275.333238 
280.782606 
275.041928 
279.294257 
274.997435 
286.943920 
276.137106 
277.766436 
275.575160 
281.577621 
284.023837 
283.478955 
283.664973 
277.594374 
283.693409 
283.867091 
286.267052 
281.844072 
277.997296 
281.416295 
281.145299 
278.434338 
278.181771 
275.796093 
279.064273 
284.267528 
276.601842 
277.941610 
278.528953 
281.326064 
275.795427 
280.242851 
277.754098 
287.594358 
290.510613 
275.737682 
279.629755 
286.745140 
275.335460 
278.157842 
285.613188 
278.447121 
278.361724 
293.760743 
284.672625 
276.621456 
284.580409 
294.496489 
288.762444 
279.022018 
286.790694 
279.746126 
277.440711 
278.655560 
274.828870 
282.233507 
282.402866 
277.623381 
280.519240 
284.008034 
280.121591 
281.010609 
291.392353 
283.024320 
295.674732 
317.164782 
294.998551 
312.206100 
294.056287 
295.650316 
285.297668 
282.189580 
278.810716 
300.386449 
294.002497 
290.579850 
282.683893 
290.471504 
286.158716 
283.255529 
281.161984 
279.667434 
290.441173 
281.829385 
278.253239 
279.763622 
279.311211 
277.612220 
281.688297 
283.258676 
290.604989 
281.410614 
277.311150 
278.297997 
293.577929 
275.751721 
285.631328 
274.781053 
279.469432 
278.101527 
280.952420 
284.510662 
277.646058 
297.302622 
314.511772 
301.931365 
275.733792 
289.227239 
304.704879 
276.574116 
284.738846 
281.046614 
275.890886 
282.987779 
275.413364 
279.494062 
284.087427 
287.114501 
278.613767 
280.064719 
282.847760 
283.005980 
274.781995 
285.993776 
317.099161 
322.530947 
290.784444 
278.389743 
278.068728 
284.233202 
284.963614 
282.573801 
282.111890 
278.337742 
284.280017 
312.288059 
275.186988 
302.374444 
276.171204 
286.865488 
282.697097 
278.986567 
279.277025 
291.927047 
275.956254 
290.077874 
281.128073 
283.456762 
280.593219 
281.890624 
284.695620 
280.082799 
294.722406 
286.109718 
278.935417 
277.518765 
278.733423 
278.697792 
290.959257 
278.348947 
274.924717 
274.943818 
281.956218 
276.128005 
278.111642 
281.876498 
291.814605 
308.757144 
301.303168 
305.431954 
288.907163 
282.227734 
278.771423 
290.118980 
279.021586 
278.004203 
280.985422 
281.317494 
275.328652 
278.130143 
282.864676 
283.817384 
283.973866 
278.004532 
279.812285 
282.215167 
276.260405 
285.031224 
298.056067 
278.999381 
287.778670 
284.594496 
277.491602 
331.481485 
305.597030 
352.130064 
320.391917 
318.909497 
323.144446 
330.165163 
310.314033 
403.255194 
425.571784 
327.043688 
385.561096 
317.954220 
369.500364 
356.689431 
474.748000 
318.616912 
314.924456 
364.681249 
318.952920 
332.295105 
320.433066 
317.409127 
313.989788 
294.536173 
305.207717 
303.944543 
314.003059 
300.670180 
303.103405 
317.753389 
315.626781 
322.153947 
314.598894 
304.442568 
312.679718 
313.826628 
339.124942 
288.044091 
301.351577 
302.798192 
299.155835 
310.823904 
305.978987 
315.318471 
311.099857 
305.553673 
301.097013 
293.440309 
304.410335 
300.901149 
297.115893 
303.279758 
305.300087 
305.957606 
302.482421 
308.142345 
313.053119 
300.652873 
311.051367 
311.064885 
298.412810 
311.395267 
305.078977 
310.973334 
305.873692 
301.998751 
306.271054 
304.478223 
299.650046 
303.953189 
309.565961 
317.243273 
315.766839 
311.206144 
303.396499 
312.692143 
302.405221 
295.668096 
301.495836 
294.837588 
300.261178 
312.018019 
306.813488 
323.342163 
306.493591 
319.804133 
322.735044 
314.578392 
298.392380 
306.508371 
299.977044 
302.330446 
293.395594 
298.295264 
300.653206 
302.678246 
299.459559 
314.506307 
302.923632 
315.940553 
302.206273 
305.689540 
305.080950 
308.775381 
307.186378 
315.060980 
343.640346 
307.393839 
297.549696 
305.174508 
301.116835 
293.105820 
304.739767 
299.964952 
295.216384 
320.868312 
309.293447 
295.346428 
310.530748 
317.581160 
313.579934 
306.628524 
310.965023 
314.830528 
313.007242 
357.035792 
291.635380 
310.557996 
295.270845 
315.206671 
298.693170 
305.089577 
309.912058 
310.472114 
305.970309 
309.468513 
301.628054 
299.810861 
313.177103 
315.819617 
315.344326 
323.576438 
325.851091 
325.923967 
300.092398 
309.068425 
304.002367 
298.354736 
295.606366 
300.934387 
309.700995 
310.962681 
320.035479 
320.362607 
312.470976 
302.483954 
307.015423 
298.663772 
301.826446 
315.004521 
280.615224 
303.309601 
294.518393 
324.223866 
321.587571 
313.452158 
318.590143 
307.223256 
300.335643 
307.336063 
297.206592 
301.628717 
293.993510 
303.898288 
299.288098 
297.431989 
305.876217 
325.191500 
312.727973 
311.376766 
316.371185 
323.515032 
288.636149 
295.917072 
301.011180 
295.454627 
299.622960 
306.922068 
303.110103 
300.021022 
306.553572 
309.192942 
304.295550 
309.432352 
308.238001 
296.995510 
293.433501 
293.757751 
301.362152 
293.592430 
299.937272 
304.006351 
318.573101 
313.879495 
310.811410 
300.740986 
309.502168 
301.972025 
309.175181 
317.854684 
312.034599 
302.896448 
303.911987 
305.099944 
300.160014 
301.944002 
290.819938 
291.727162 
303.468101 
307.801644 
289.486222 
313.972282 
313.807586 
316.028264 
319.566320 
313.640754 
317.648665 
306.959712 
336.832690 
300.174311 
303.611492 
301.871455 
307.316067 
296.607690 
308.395795 
312.335744 
307.134708 
308.782852 
296.146644 
295.650615 
308.374685 
301.716168 
301.027460 
307.167239 
317.918193 
316.681488 
312.215908 
338.246343 
317.092366 
295.815595 
295.241902 
303.192591 
302.755136 
299.227532 
283.635731 
296.334261 
295.620179 
314.002659 
301.028909 
310.988293 
308.375002 
310.951685 
330.823585 
308.996221 
308.311551 
301.960782 
332.504658 
290.532695 
304.646536 
305.725777 
304.566677 
306.267256 
308.915877 
308.841713 
306.936599 
305.833177 
300.577809 
294.717406 
294.066905 
294.370736 
303.943688 
304.784965 
305.008862 
306.080660 
298.851093 
294.617198 
312.333983 
312.323569 
300.232382 
298.491235 
304.065175 
299.615788 
307.792077 
316.552876 
310.715170 
295.314051 
297.547927 
299.728197 
293.373089 
290.121845 
309.967666 
312.574010 
316.809589 
307.333869 
305.179029 
308.516087 
304.494640 
306.087668 
280.259713 
295.078892 
291.703861 
296.367116 
302.992063 
308.302778 
318.958977 
318.817872 
319.697905 
313.681958 
303.054037 
310.320667 
292.923456 
302.821359 
287.046538 
289.587561 
306.261300 
314.148315 
321.828577 
314.757071 
313.285923 
316.070053 
316.029815 
343.378971 
300.444606 
298.658234 
291.115356 
294.723590 
299.741793 
302.557240 
302.923810 
305.630353 
315.947360 
298.777596 
297.591357 
291.674557 
300.992432 
304.675269 
305.338945 
306.547409 
318.787554 
316.662542 
322.313237 
309.134464 
309.839214 
302.919382 
296.719253 
300.179969 
302.456520 
307.244292 
307.805234 
321.654272 
320.426458 
301.562183 
301.125520 
305.281519 
308.624743 
295.228533 
300.003785 
292.747174 
295.313661 
299.010549 
312.427270 
314.390163 
310.308530 
311.552597 
315.742097 
298.019864 
307.286435 
295.785488 
288.366719 
295.002544 
296.099331 
306.468871 
298.736601 
300.190236 
316.330033 
318.558794 
315.911972 
313.180503 
319.816798 
299.234666 
288.634486 
291.913139 
299.662112 
295.493139 
294.428642 
300.219774 
307.706781 
305.417067 
309.036018 
309.159046 
306.077557 
305.542571 
300.637698 
285.884663 
290.307299 
288.296459 
305.809981 
291.487444 
295.929103 
307.868325 
310.676312 
312.558348 
311.256733 
306.345093 
301.717916 
302.621072 
302.657401 
294.621707 
303.735137 
308.392688 
298.824063 
304.950223 
309.161710 
310.293219 
315.899830 
301.473752 
311.112411 
299.294106 
309.109262 
313.897290 
322.085433 
318.473243 
317.322795 
324.785863 
304.458995 
331.504009 
300.125913 
303.699071 
292.405967 
301.921305 
306.213629 
309.029574 
289.029138 
306.384338 
312.080182 
299.906004 
298.894307 
307.259122 
308.161860 
301.610668 
306.313890 
330.425156 
299.220620 
312.565638 
343.065153 
298.870293 
304.472039 
305.424935 
305.921649 
296.445307 
306.293918 
310.112816 
301.970719 
316.830123 
305.673057 
295.466018 
298.687178 
305.918946 
306.451664 
300.884990 
299.152063 
297.860498 
302.420586 
305.326739 
307.741017 
310.994144 
332.146889 
309.780885 
310.852948 
304.828298 
304.707623 
317.956343 
298.670051 
293.959969 
290.582139 
286.541061 
293.682995 
299.266290 
320.375186 
316.558955 
311.122990 
314.050538 
297.602442 
294.489208 
291.171325 
300.443909 
288.179767 
284.964257 
290.730611 
300.033884 
297.689244 
304.545400 
315.195981 
316.509404 
309.658081 
309.591330 
293.973269 
298.322773 
293.414850 
300.274223 
302.087803 
311.876621 
305.960510 
305.228062 
316.724336 
312.904829 
315.203502 
314.390529 
305.666326 
307.820877 
304.256742 
291.374743 
294.106610 
290.767974 
307.459093 
306.198866 
309.625227 
306.353553 
291.526003 
299.168391 
300.575191 
300.939629 
305.407443 
311.959413 
324.633397 
322.522327 
315.653834 
311.999732 
311.589569 
328.248401 
293.075082 
291.782430 
292.045004 
295.034328 
300.401339 
303.381998 
305.065917 
312.107000 
301.855952 
300.021907 
303.060541 
311.049390 
310.759211 
310.670581 
297.686330 
312.979960 
308.359631 
306.682810 
340.266038 
302.923667 
309.513024 
302.955499 
293.118207 
301.463921 
309.507627 
306.263761 
309.038611 
312.085430 
295.234797 
303.039403 
304.419392 
302.081595 
304.100116 
306.238250 
302.634715 
298.014075 
290.812966 
312.754049 
304.550057 
310.857544 
324.125744 
304.800207 
294.884983 
309.468820 
306.044085 
308.835184 
299.738778 
300.197931 
300.065601 
300.161964 
287.061906 
321.208640 
316.828394 
327.497597 
316.507325 
316.042599 
305.207126 
315.658038 
303.775887 
303.381177 
299.817600 
300.292884 
306.524242 
318.456583 
314.874880 
313.481852 
317.593350 
304.383248 
302.281301 
346.151536 
296.746205 
301.411787 
300.959211 
293.732759 
301.469158 
305.862151 
307.396600 
304.493726 
303.785944 
305.407402 
302.657793 
307.203644 
308.148830 
306.298271 
303.094876 
316.734613 
321.785993 
310.921332 
307.453922 
307.463367 
303.798406 
313.873303 
317.830254 
310.363768 
299.321910 
289.317553 
291.411660 
305.271063 
300.118967 
305.381562 
315.708169 
311.272768 
304.435495 
307.669738 
309.546823 
312.640673 
330.047988 
308.864226 
292.953486 
307.105623 
295.579530 
303.939285 
303.556104 
305.633824 
300.954350 
298.735213 
288.436011 
291.695099 
299.393583 
307.210125 
324.423599 
320.168059 
318.065059 
319.323193 
318.268268 
311.950807 
323.932126 
301.663743 
289.875623 
295.128117 
302.733547 
304.932838 
300.945469 
294.914580 
300.242267 
309.498304 
303.793514 
299.351883 
305.048370 
312.833749 
304.328885 
320.283542 
312.839314 
313.741986 
313.981716 
336.054587 
300.589943 
300.873644 
302.574901 
287.380499 
311.851672 
307.269572 
304.399043 
301.976636 
317.486844 
287.371400 
301.441742 
299.359438 
315.251591 
306.212076 
301.584893 
300.448828 
292.688280 
300.804656 
294.021267 
309.602799 
311.405321 
315.314394 
323.122305 
307.301995 
306.242063 
303.879174 
295.353931 
298.094785 
293.253754 
292.869118 
293.459642 
302.026566 
308.931935 
317.500823 
312.122002 
314.828938 
303.291067 
297.605665 
304.184574 
302.138100 
304.618153 
295.673305 
301.204894 
279.244937 
300.927703 
301.721460 
314.970138 
317.070146 
315.271090 
308.366457 
302.582244 
288.702937 
293.014471 
299.093665 
301.228566 
286.999864 
302.630752 
297.441958 
316.110449 
312.169103 
315.568204 
309.567824 
302.761320 
308.876017 
345.161482 
306.332655 
286.437988 
302.701282 
300.794636 
296.454113 
306.865544 
309.237133 
314.156292 
295.928583 
303.724538 
304.347394 
298.482974 
307.059142 
309.260757 
296.505695 
321.516193 
322.298930 
310.111507 
338.543833 
309.206194 
298.694939 
293.028953 
299.548043 
300.295156 
306.474792 
316.161620 
318.319147 
315.253750 
312.256468 
318.277137 
305.687261 
296.880562 
288.994411 
292.982729 
292.683888 
292.797025 
303.353445 
292.768068 
315.214863 
320.972475 
315.511432 
316.190803 
300.623657 
294.808240 
294.622387 
292.469474 
297.927797 
302.717355 
298.663242 
304.440653 
293.484195 
315.633505 
315.362880 
315.313674 
309.845445 
303.286632 
297.264067 
295.722723 
304.931292 
295.829588 
302.045251 
298.692628 
299.653041 
316.095351 
309.905276 
309.192881 
313.987495 
301.723853 
301.119491 
315.524543 
321.334350 
294.756290 
310.510270 
301.194596 
305.712035 
