294.065012 
300.820248 
308.286877 
293.272414 
282.476595 
276.403129 
286.212806 
285.560172 
282.308193 
279.860268 
287.602374 
283.638729 
283.640827 
282.997882 
284.823738 
279.063703 
285.025701 
278.870930 
286.425956 
280.635458 
282.609339 
281.455294 
287.528860 
282.327470 
278.484783 
279.460237 
282.714116 
284.888961 
283.148905 
281.850031 
275.667593 
283.317806 
282.464809 
288.005700 
281.197497 
283.024851 
284.038660 
282.767652 
283.919300 
285.540196 
279.992512 
279.867060 
278.152174 
275.386124 
279.180866 
282.590861 
286.277331 
279.528757 
278.981700 
283.542343 
280.458665 
278.722704 
276.399533 
281.594930 
280.898449 
281.922445 
279.593282 
286.981674 
281.861529 
281.131687 
279.343489 
288.779102 
279.221033 
279.074405 
280.992351 
279.189269 
283.204851 
280.609801 
301.303787 
279.840305 
280.098901 
293.520431 
281.612622 
285.367611 
291.295746 
328.301466 
278.342464 
322.612650 
280.277091 
287.241109 
283.087489 
285.143773 
280.541880 
278.540832 
286.994000 
280.619589 
281.570273 
284.217462 
279.038247 
278.639915 
280.093707 
284.000816 
282.516660 
283.854788 
290.510168 
309.559886 
284.490541 
297.951426 
278.718922 
278.214415 
278.429362 
276.018395 
282.946255 
281.854338 
280.650253 
282.024339 
279.396626 
281.914568 
289.203304 
279.955170 
290.117130 
280.352103 
288.418625 
283.651027 
291.971951 
284.404042 
278.631725 
286.349457 
278.234292 
280.647855 
278.414480 
280.387662 
276.442596 
280.122473 
280.210670 
280.103495 
283.711256 
290.776854 
286.042418 
280.088913 
289.020219 
279.552442 
288.650553 
276.057449 
287.452061 
279.822925 
278.916090 
280.082719 
279.382543 
276.562955 
278.791137 
283.950775 
284.790988 
280.601610 
280.860306 
289.292399 
296.460278 
283.255093 
281.708609 
285.505348 
289.850544 
281.417052 
294.831691 
280.128566 
284.871693 
282.685762 
282.431260 
283.443072 
278.794733 
278.753582 
283.727038 
285.770537 
285.811189 
286.489492 
282.725515 
293.516436 
278.677670 
279.620963 
283.549746 
278.078774 
289.529212 
281.499786 
279.280494 
289.218416 
287.555570 
288.590054 
284.104226 
279.566558 
283.615000 
284.338550 
279.897470 
279.522111 
279.376981 
287.351509 
290.259493 
277.072090 
278.932603 
280.622717 
279.433115 
281.411690 
284.542710 
282.731738 
280.148075 
279.156041 
287.606310 
282.466351 
288.055383 
277.188353 
280.013234 
282.249805 
283.669237 
284.308985 
278.707468 
283.514319 
280.705920 
276.461707 
289.443651 
285.168774 
275.418233 
278.269283 
284.283515 
277.030738 
285.612453 
286.397031 
294.564034 
278.689290 
277.058905 
280.149972 
280.075960 
281.584188 
291.398354 
277.713437 
279.077334 
282.973754 
279.443903 
279.947810 
275.273404 
300.523130 
277.221714 
283.320047 
293.073086 
279.091616 
285.877841 
276.301495 
278.390540 
280.122505 
279.380776 
279.618398 
286.905334 
277.801532 
288.882610 
282.048741 
281.576297 
280.203410 
278.973755 
279.232851 
282.828325 
279.294978 
289.859262 
281.827201 
291.254023 
283.349413 
285.267459 
280.409168 
279.851124 
282.724746 
282.766897 
285.191747 
281.893823 
288.951129 
292.604836 
287.828049 
288.852346 
276.103628 
279.684919 
275.973780 
280.554697 
289.087070 
275.332234 
279.146152 
282.707267 
285.386518 
285.622641 
285.826302 
285.484104 
285.327188 
276.593452 
278.953079 
279.271905 
292.079353 
281.669287 
279.141558 
281.945463 
283.227955 
281.658101 
286.186579 
276.325015 
279.875440 
275.581087 
280.739624 
278.646285 
276.615071 
278.977096 
288.814933 
276.950677 
279.091461 
284.040644 
282.585155 
279.885228 
278.625209 
282.388086 
279.329482 
276.797058 
281.908151 
275.156487 
286.591446 
280.635646 
289.856008 
281.989355 
279.483101 
280.139130 
275.744595 
291.006357 
281.781399 
276.917317 
286.703214 
279.107043 
288.588998 
276.413409 
312.892133 
284.286155 
284.217436 
284.235016 
279.067190 
276.864878 
290.383189 
279.537737 
278.877413 
281.029384 
278.681244 
279.342965 
284.422795 
287.472410 
281.044765 
279.065292 
278.652976 
278.540509 
276.850295 
280.056127 
279.932872 
289.717671 
278.802701 
281.281687 
282.544602 
280.241809 
286.184723 
281.293273 
276.035154 
279.251972 
288.025660 
281.410835 
280.569025 
279.066790 
278.877712 
284.025062 
275.563408 
289.364187 
278.450515 
276.928703 
278.008734 
278.625408 
280.146321 
283.588176 
279.094158 
285.473660 
281.761323 
283.611349 
279.798230 
281.313549 
279.287930 
287.190641 
282.569273 
276.241112 
282.288503 
282.687834 
285.111386 
282.135184 
286.473085 
277.996847 
279.947455 
283.860555 
280.139929 
286.674548 
279.602061 
278.993077 
279.512067 
288.879657 
279.529746 
284.310327 
285.900259 
312.800640 
281.652651 
316.233306 
275.927181 
280.468942 
276.536164 
281.368785 
283.114533 
286.139177 
279.409587 
279.746991 
283.927492 
276.624443 
290.628991 
281.887360 
275.302196 
279.869231 
279.558596 
285.022078 
285.814048 
279.555299 
286.826159 
284.354363 
309.867891 
278.382278 
310.011223 
277.429597 
329.510317 
282.275404 
280.580196 
281.983448 
279.091045 
278.902566 
280.374038 
278.288488 
276.500089 
291.295908 
285.706274 
282.038782 
278.549182 
284.773470 
279.294207 
277.032263 
286.939426 
308.520674 
306.633790 
300.486911 
309.763114 
310.733774 
306.222273 
306.346628 
308.701262 
310.189513 
317.188591 
304.013369 
309.687703 
308.824916 
305.920928 
299.046304 
301.333616 
310.847640 
308.594886 
303.472204 
310.501247 
310.332745 
302.122589 
304.903623 
308.733124 
305.641856 
309.860400 
302.196403 
306.308872 
308.518676 
305.628871 
306.494254 
307.514755 
305.511808 
318.805093 
308.282654 
307.986201 
305.900451 
308.855180 
314.960209 
304.245595 
307.334966 
306.041686 
299.910588 
309.870887 
306.460894 
301.690098 
309.793279 
312.242502 
310.968598 
301.130855 
315.832784 
306.179124 
306.041785 
293.646447 
289.499918 
316.975642 
295.515051 
305.402936 
306.759343 
313.575336 
303.510759 
301.659733 
296.305123 
303.371623 
296.074395 
311.613640 
307.153280 
303.285424 
301.797271 
310.873210 
308.397918 
304.873458 
304.766683 
312.572613 
306.485600 
309.641074 
311.603369 
306.508655 
310.948937 
311.712140 
307.617052 
316.886161 
306.771147 
307.412393 
311.414989 
314.538919 
303.082781 
297.248136 
316.813946 
306.914478 
306.438238 
303.757388 
304.845309 
306.019530 
302.204312 
309.305669 
301.555675 
315.075089 
306.430846 
307.526359 
310.735089 
309.907661 
312.233728 
310.107826 
313.532202 
310.191627 
311.153597 
313.255228 
316.643546 
312.928911 
313.263918 
319.845684 
297.247636 
292.379157 
315.394614 
298.629513 
308.349592 
308.118063 
311.130025 
307.049519 
310.192926 
311.459437 
308.522389 
306.146581 
308.109774 
306.613631 
314.682551 
309.542689 
308.489927 
309.568959 
308.446279 
312.241319 
306.275629 
290.949038 
282.414465 
284.415115 
282.422556 
279.730020 
280.407024 
276.624669 
285.191203 
278.692738 
284.754516 
278.725300 
279.722928 
283.532352 
283.135318 
276.470948 
278.953432 
276.322124 
279.594379 
282.892404 
290.109124 
276.158316 
279.258573 
282.139289 
279.641424 
279.364849 
287.994809 
281.309164 
285.163535 
279.118738 
279.797840 
278.812797 
276.831625 
278.779137 
289.178518 
279.529555 
280.107876 
283.447351 
283.065101 
285.796292 
278.619524 
286.367820 
280.404827 
278.720406 
288.698681 
286.037708 
289.378782 
276.305044 
281.618900 
283.767376 
278.919372 
281.901867 
277.340727 
279.023550 
283.633533 
284.700180 
282.589959 
278.406375 
285.119986 
286.979002 
286.341251 
286.760958 
282.975906 
283.497293 
285.824758 
286.970112 
284.290261 
282.063078 
279.916900 
278.987292 
289.597425 
281.943718 
282.563990 
285.508929 
277.565663 
279.589584 
276.089097 
286.075763 
282.623419 
282.965218 
279.099261 
288.169803 
283.877047 
279.273456 
291.411394 
324.723053 
321.830153 
281.497742 
284.800961 
282.233279 
290.027320 
291.147504 
308.764404 
285.585539 
282.916975 
284.641748 
286.651287 
289.178917 
286.734489 
288.928612 
283.313409 
284.986344 
281.138165 
288.477941 
289.829752 
287.436664 
283.535748 
284.728347 
282.817292 
284.884863 
281.021202 
284.240520 
281.312161 
276.444580 
281.661749 
283.304519 
284.553152 
283.329390 
278.281022 
281.000227 
282.314682 
283.109349 
286.923067 
276.234826 
276.240320 
285.701703 
286.821587 
283.903515 
282.095939 
279.984221 
285.201391 
289.350515 
281.381379 
284.269086 
276.726349 
282.932657 
281.893877 
281.969588 
286.802909 
279.257574 
276.977654 
282.702926 
281.820364 
274.721604 
280.791273 
306.632010 
276.007094 
276.717959 
281.746351 
292.023774 
285.257524 
279.979127 
283.918199 
281.071743 
285.151549 
281.248735 
279.238997 
284.144832 
276.542665 
275.672986 
281.942520 
282.225188 
278.465505 
289.124154 
285.484897 
276.909274 
289.587974 
288.747662 
280.254443 
290.776478 
275.865201 
279.142251 
281.717125 
276.844851 
282.348282 
283.626081 
278.777778 
281.012452 
277.871344 
276.618417 
276.697123 
288.143971 
275.357798 
277.081173 
280.936642 
283.068037 
285.372829 
283.865300 
282.198459 
281.807019 
280.283309 
281.713928 
279.397550 
278.790364 
283.093907 
276.664462 
275.406241 
283.691305 
278.749612 
280.258339 
280.790813 
287.858806 
277.465820 
288.554689 
287.214863 
278.892344 
285.864351 
281.679768 
283.853115 
281.488093 
295.056848 
285.179056 
283.314547 
288.903279 
285.883228 
278.693378 
280.631201 
281.314697 
288.424342 
279.898862 
287.454082 
278.130839 
280.579461 
280.207598 
276.564181 
278.810540 
276.459103 
276.000143 
282.194164 
280.413457 
276.004737 
279.631176 
290.135930 
275.370083 
276.236565 
279.012603 
278.341791 
286.035349 
286.283857 
285.952947 
278.786768 
280.198309 
281.509369 
282.873066 
275.875789 
280.582158 
284.314971 
288.028307 
280.118803 
279.882880 
282.990727 
282.504898 
279.397351 
284.569173 
282.961262 
292.278113 
283.163624 
276.452511 
280.269126 
280.327457 
276.243657 
282.902232 
299.091706 
275.615395 
279.579037 
283.515211 
278.795758 
275.263708 
280.242358 
276.092134 
287.222455 
287.947802 
279.385065 
283.809665 
287.750334 
285.508768 
278.709958 
282.827420 
283.275493 
280.712405 
289.938862 
289.060295 
282.981738 
276.424944 
283.119077 
282.443870 
276.541906 
280.784920 
275.953897 
277.558412 
279.168320 
289.072181 
281.254768 
285.446741 
290.050331 
280.287904 
318.631043 
282.449663 
279.628180 
289.784543 
284.988779 
280.416553 
275.542281 
283.266404 
279.038673 
278.933096 
285.275243 
282.522578 
287.814859 
284.620213 
281.022840 
275.972475 
291.273794 
278.968954 
284.206199 
280.475383 
284.589749 
279.591523 
278.276468 
285.995197 
282.074904 
283.723866 
281.769463 
285.294520 
282.250897 
281.909498 
282.944682 
282.403818 
298.851388 
276.377799 
313.653892 
286.981238 
290.312424 
288.246051 
280.192117 
283.476856 
276.443422 
283.649653 
289.353650 
282.275069 
276.602734 
281.222106 
277.206825 
278.572120 
290.000090 
279.226552 
275.208374 
284.104419 
285.769961 
287.490739 
275.682117 
296.961709 
282.836608 
275.617992 
279.862604 
289.213115 
282.512590 
278.632050 
281.462623 
278.214141 
279.839431 
280.922259 
285.435355 
283.736851 
286.106466 
278.748912 
279.529595 
283.232344 
285.945755 
287.723566 
277.376125 
275.472163 
276.698123 
281.874140 
279.049660 
282.358171 
285.639815 
276.995972 
282.105269 
283.059747 
283.673925 
288.871517 
283.784096 
287.253318 
280.000642 
278.774383 
278.995422 
284.472186 
285.662288 
276.140578 
286.545250 
276.737676 
284.902069 
279.339305 
282.292436 
282.248088 
284.571558 
289.544715 
304.418340 
321.231587 
290.308717 
278.846684 
276.960101 
282.333887 
282.861766 
283.579724 
278.240795 
275.682801 
282.396414 
276.338631 
279.869282 
278.381031 
275.661826 
282.713541 
293.313487 
288.233056 
278.767677 
283.290963 
279.084205 
289.564592 
279.713466 
289.455120 
282.428076 
286.702254 
282.862067 
285.405677 
285.486084 
284.686922 
277.368321 
278.144109 
276.964595 
278.596978 
289.180643 
278.157394 
