309.127718 
292.027370 
299.367463 
296.056046 
301.294403 
297.340240 
292.673812 
286.251143 
287.526148 
290.117510 
286.584352 
286.124192 
294.322378 
296.143943 
293.030193 
303.252407 
291.934179 
289.695903 
285.926923 
291.845683 
293.593134 
284.235707 
290.539015 
291.046420 
286.308476 
285.181897 
296.884574 
295.076894 
283.062082 
284.106958 
292.948789 
295.736520 
292.038956 
292.868483 
287.462023 
289.188798 
286.442818 
285.195681 
277.030455 
294.999485 
286.202700 
290.236770 
282.977282 
293.616207 
281.325419 
283.041406 
287.013549 
287.583381 
286.946528 
294.094846 
288.402321 
298.326384 
291.736311 
287.046411 
299.342093 
294.955936 
310.523282 
289.269503 
294.308995 
282.688021 
301.124402 
291.163383 
299.308931 
287.424467 
296.525994 
279.514243 
294.165462 
280.070390 
289.522407 
287.317692 
293.307968 
297.735077 
300.948210 
294.392596 
292.699981 
289.180009 
303.232431 
295.370450 
296.472957 
301.559193 
297.024310 
302.134218 
303.134445 
295.667002 
314.611088 
317.464443 
288.608379 
288.744420 
293.123983 
288.921412 
289.155836 
309.435257 
295.402912 
313.751795 
292.212452 
283.445533 
302.205635 
304.304773 
297.276914 
293.953711 
289.149644 
289.329733 
285.253013 
286.053374 
291.704148 
292.933407 
289.547777 
286.008727 
292.661226 
289.588829 
287.701243 
295.511984 
283.027123 
292.950787 
298.364739 
290.858141 
278.075729 
311.367791 
313.561119 
290.989487 
317.278161 
296.471359 
295.668900 
295.541549 
290.687241 
288.960965 
290.173044 
283.602949 
286.433729 
300.709190 
288.700970 
289.070237 
286.546996 
290.208902 
297.554589 
284.142915 
294.028324 
299.196863 
288.374253 
289.542883 
303.609888 
286.346631 
300.147648 
292.907238 
294.572086 
297.436827 
321.901340 
287.934569 
308.753757 
282.886688 
286.203798 
299.261587 
294.071572 
295.346478 
293.031592 
293.138268 
298.011952 
288.019968 
284.616060 
302.424379 
294.175351 
294.290616 
296.865896 
291.411791 
281.890056 
285.505118 
290.829075 
284.050124 
297.081943 
286.552989 
296.021986 
293.352416 
288.466445 
298.037422 
280.465826 
291.369242 
296.852312 
297.890894 
289.816362 
284.019859 
291.873950 
298.177259 
290.355630 
284.289743 
296.846119 
288.527274 
301.723400 
287.845773 
286.842349 
296.744938 
306.044034 
286.054174 
292.853700 
291.671686 
289.662642 
294.524941 
291.175968 
289.475761 
292.804958 
291.364647 
301.426449 
297.814184 
305.932764 
318.217559 
306.016366 
299.091985 
300.440605 
282.729971 
289.903360 
283.357536 
295.721138 
289.084620 
292.959078 
286.185520 
285.352796 
296.969874 
302.888234 
296.238432 
290.510248 
292.096089 
309.899313 
305.041909 
303.674812 
317.901131 
292.616978 
300.308659 
284.460542 
294.481392 
294.100838 
278.501330 
299.305835 
290.264237 
281.035559 
300.064345 
284.222721 
290.234572 
284.364056 
283.848960 
287.509567 
297.149164 
280.101354 
296.994446 
302.800038 
291.662397 
292.959177 
293.561471 
301.062275 
286.137576 
285.663731 
299.338097 
284.673393 
286.862227 
298.592072 
285.064135 
293.576253 
288.339394 
293.772223 
292.183387 
294.473301 
276.327878 
286.551390 
292.383153 
286.620011 
299.277268 
290.175541 
289.500333 
279.782229 
293.057262 
291.781159 
286.595340 
289.975975 
294.468407 
283.380009 
304.064954 
289.198687 
294.199922 
292.566637 
281.605590 
280.739606 
286.904078 
284.578204 
296.314143 
298.207223 
284.023456 
290.472593 
285.958386 
283.643201 
301.191724 
297.250845 
296.571342 
291.932381 
296.349702 
300.907357 
299.003889 
285.095298 
288.191968 
291.938374 
293.490255 
283.795222 
287.181751 
289.107593 
297.986283 
299.263484 
298.440050 
282.706998 
296.052650 
279.416756 
306.058217 
286.863126 
299.856789 
301.871426 
287.121323 
297.795307 
292.105877 
286.783719 
283.622525 
293.429525 
287.327181 
296.378967 
293.295882 
285.245023 
280.794941 
288.308730 
285.629872 
291.868356 
306.533459 
291.817616 
292.917026 
290.156464 
289.743747 
304.892485 
298.789940 
283.574282 
294.233882 
293.498245 
298.765468 
288.667110 
303.126355 
290.255048 
306.461744 
310.465149 
293.379385 
311.774414 
292.784382 
284.658610 
289.943013 
295.436073 
296.613092 
283.865640 
304.091623 
295.443264 
288.090486 
290.088943 
298.211718 
293.218673 
290.424849 
282.311663 
298.113133 
287.755179 
289.607307 
300.683020 
289.678124 
298.873342 
295.713747 
290.636002 
295.422788 
303.579623 
295.988226 
283.114221 
289.936722 
294.511257 
289.978772 
293.876701 
294.203418 
295.997515 
286.832960 
291.998004 
294.885918 
296.575137 
281.390843 
301.783729 
301.392389 
289.758531 
285.929820 
303.243417 
291.837593 
294.256356 
291.676381 
295.937385 
295.118046 
295.260778 
299.326111 
286.750757 
291.072789 
291.975431 
288.863779 
285.595212 
285.898756 
297.590547 
290.866831 
288.547749 
282.952211 
291.752992 
287.205424 
286.254140 
312.073364 
292.693489 
289.517712 
295.224321 
308.262932 
296.316441 
294.178147 
284.005576 
297.473383 
295.576408 
296.492434 
293.122585 
278.265707 
288.345187 
287.819204 
276.940561 
289.320444 
297.380593 
287.735503 
288.789966 
290.875121 
287.524950 
298.577589 
296.470260 
289.877291 
276.865748 
281.459262 
285.652945 
290.798611 
280.126525 
288.783573 
290.851049 
307.338416 
284.587094 
281.511900 
287.899410 
282.972588 
302.126927 
285.322831 
283.932761 
298.749587 
281.980351 
298.424568 
292.821238 
301.734786 
290.846854 
290.487275 
283.883419 
290.495066 
290.068467 
290.753164 
283.624124 
282.690219 
292.671614 
307.298663 
280.699053 
291.691564 
287.698446 
285.613990 
294.161267 
289.702695 
293.009318 
292.295455 
281.263092 
295.757995 
294.494177 
311.419830 
291.248183 
291.735412 
284.541248 
310.890551 
281.238721 
286.301184 
298.322488 
294.070674 
292.856697 
291.364547 
300.463777 
282.434318 
286.420744 
289.041671 
291.575200 
298.831192 
289.124973 
283.714917 
293.901173 
291.721328 
298.741896 
283.539422 
304.421736 
320.100552 
304.477771 
284.971643 
289.324839 
285.591617 
290.394684 
289.264010 
294.088653 
290.675255 
293.842341 
284.231511 
287.861455 
296.500025 
307.179202 
308.861030 
300.369587 
282.904567 
294.766857 
299.084295 
295.622754 
290.928558 
289.426320 
291.862463 
284.511982 
288.326210 
283.715117 
296.736847 
286.532613 
307.754028 
293.855227 
285.727856 
286.186919 
278.585232 
297.994073 
288.181679 
285.561552 
298.188146 
296.275089 
289.691109 
292.647443 
279.870525 
285.293665 
291.669888 
293.776719 
288.314424 
290.904086 
297.045186 
290.034207 
298.016247 
295.341284 
289.128869 
301.229180 
295.845992 
283.190532 
279.535717 
302.976730 
293.397463 
287.219607 
287.182451 
286.924254 
298.850369 
297.742068 
285.376669 
288.529072 
287.005358 
281.059131 
289.297172 
283.738589 
303.813349 
283.975411 
290.261341 
294.035515 
305.172856 
282.355211 
287.987407 
290.951731 
290.551700 
286.738271 
294.626822 
282.573854 
292.890257 
283.172153 
284.408703 
295.462043 
288.068911 
298.875040 
292.868583 
300.543484 
289.363494 
292.452171 
286.927749 
292.284868 
287.972125 
290.287010 
292.652037 
299.780778 
293.059559 
294.276533 
276.732105 
294.013041 
294.243770 
298.990604 
293.451899 
297.443019 
292.352788 
297.186520 
287.573692 
285.416522 
308.788316 
283.945747 
295.202746 
298.434956 
296.580730 
285.149035 
276.979116 
285.418719 
295.322805 
294.154676 
293.266317 
283.655487 
294.118118 
291.208630 
293.607217 
297.991975 
295.123039 
286.221877 
292.547060 
296.545672 
287.252768 
292.536872 
286.009926 
289.703495 
280.086772 
282.653761 
294.444536 
293.731172 
280.515168 
291.672186 
291.039927 
293.780114 
292.474046 
282.519619 
297.482973 
316.894910 
288.389536 
285.829937 
294.482391 
285.154529 
284.371947 
290.662270 
299.486024 
306.539853 
283.569887 
299.969557 
289.175514 
286.001635 
292.848706 
289.342818 
294.527039 
280.344969 
284.520272 
290.910080 
294.257455 
276.163172 
291.048118 
288.784972 
312.338653 
294.190833 
294.031220 
287.995697 
281.903541 
290.466101 
285.068530 
289.668735 
296.766713 
287.084366 
286.909371 
294.346651 
296.505219 
292.793870 
294.838274 
292.489728 
301.875322 
287.264055 
294.990795 
298.377025 
289.305062 
277.328506 
294.931065 
288.310128 
297.843250 
300.495340 
298.721620 
299.833916 
293.099313 
285.821547 
300.096708 
291.486204 
297.572368 
280.989213 
306.190662 
294.408777 
284.890338 
302.183661 
285.071426 
297.619013 
276.559608 
289.276295 
289.996051 
296.148238 
294.866041 
298.035524 
296.806966 
290.660173 
291.512273 
294.199123 
292.777590 
296.044759 
302.583592 
286.822373 
298.210120 
294.286920 
277.392531 
302.431170 
289.323640 
290.864433 
289.755034 
294.376915 
302.250881 
297.272020 
289.175713 
296.201175 
288.738226 
294.565493 
297.099223 
303.270087 
290.370413 
289.864706 
293.846137 
287.305207 
281.272481 
295.406108 
282.031291 
283.248963 
279.760754 
286.582853 
292.855698 
294.404382 
288.191667 
292.632960 
283.050496 
287.048009 
285.792781 
299.120152 
289.105097 
291.394412 
282.849432 
295.572113 
301.773241 
299.290253 
305.879127 
297.055673 
288.241809 
291.655106 
294.133400 
285.988151 
302.222115 
291.276350 
297.588749 
279.800507 
301.148674 
289.009708 
294.842069 
287.473509 
299.154712 
294.682956 
291.529054 
297.042788 
289.582336 
296.355095 
288.564031 
295.580903 
286.441419 
296.182498 
295.453352 
312.230879 
288.184376 
307.287775 
306.724436 
297.269323 
279.345441 
302.478315 
284.094372 
289.930329 
293.906866 
297.245751 
292.773295 
301.287611 
297.642785 
302.017356 
286.109109 
288.549049 
294.012242 
282.994462 
285.987052 
284.748405 
300.488449 
298.539234 
292.943895 
297.950724 
283.608142 
297.869119 
291.505082 
284.800045 
305.957235 
297.002735 
290.925861 
293.740761 
299.933200 
295.693171 
296.080716 
292.219745 
290.480283 
302.973934 
288.023066 
284.644727 
297.632497 
288.435981 
292.019779 
276.318290 
281.114666 
301.980998 
294.394295 
284.738816 
287.770261 
284.795050 
286.769035 
283.336660 
292.964071 
298.591073 
305.331370 
299.388038 
318.946704 
301.843459 
304.479269 
299.908129 
309.798931 
311.356404 
307.364585 
305.738292 
309.452537 
302.995609 
306.673895 
305.140892 
303.853702 
306.274863 
310.769592 
301.564986 
306.666404 
306.963855 
307.931421 
310.226729 
309.036425 
306.708754 
304.212681 
311.963592 
301.837166 
310.243310 
308.582857 
315.652267 
309.981417 
306.091978 
307.682813 
306.053822 
304.720286 
309.202230 
307.729058 
312.727896 
315.634088 
319.028109 
313.550032 
314.290065 
314.761212 
319.733082 
309.958344 
306.691874 
313.697360 
302.246886 
304.976985 
307.319438 
319.142475 
313.749298 
298.668482 
308.715202 
317.219030 
318.350304 
306.287249 
305.941654 
309.416080 
309.487396 
309.304211 
302.055011 
315.128781 
314.602298 
306.468636 
313.296229 
310.414409 
313.925092 
313.418387 
306.130332 
310.844805 
311.004318 
311.825354 
305.875332 
311.899069 
314.372568 
315.476973 
308.692428 
309.254170 
314.733745 
304.959505 
299.507499 
305.298708 
300.562761 
300.878590 
310.181583 
305.866142 
307.229844 
308.711706 
307.906350 
306.849789 
302.012462 
315.479969 
314.669819 
303.200269 
309.869248 
318.473659 
312.914677 
307.626478 
315.611815 
312.396385 
307.060342 
308.842353 
306.977939 
310.672307 
304.315261 
309.748090 
306.638836 
314.639655 
312.306491 
314.029770 
307.498029 
311.226058 
318.773308 
307.875087 
305.796025 
309.365639 
311.192297 
316.319485 
309.173964 
309.930576 
303.753120 
313.828806 
309.779853 
311.403150 
324.635134 
307.076423 
299.727741 
313.816619 
298.233293 
297.993774 
308.468491 
310.668911 
310.399627 
309.929178 
312.929660 
302.428474 
311.747646 
311.320246 
311.869503 
309.609053 
318.547472 
304.303075 
311.008413 
303.981852 
310.847701 
311.398255 
305.092550 
313.054014 
319.738975 
308.540307 
318.898960 
318.620587 
318.146843 
313.542342 
316.509862 
324.796545 
318.418024 
328.136028 
318.681315 
307.127863 
296.907747 
315.698813 
307.652348 
309.774360 
307.323134 
321.786674 
321.726046 
323.807604 
330.651979 
315.377690 
317.399319 
316.990898 
313.569010 
316.948248 
317.578208 
317.301933 
308.333849 
315.647273 
315.034492 
312.102030 
318.202477 
310.799657 
324.409299 
313.770574 
310.227628 
319.357523 
324.564217 
318.850417 
310.165201 
316.494679 
317.642633 
316.308698 
321.459957 
315.165738 
317.464442 
311.077931 
319.639492 
307.938513 
311.175716 
310.978048 
319.215190 
311.263314 
299.399225 
299.074706 
307.057945 
293.223267 
315.246443 
315.407255 
317.101667 
304.445907 
316.775750 
297.390581 
324.005372 
316.164566 
312.146978 
326.512033 
316.063485 
308.468491 
316.457723 
309.838285 
303.522990 
311.955602 
315.551785 
309.107541 
315.424335 
309.069986 
304.231459 
316.637712 
306.088082 
320.736306 
311.959497 
305.423162 
308.244154 
311.586235 
304.882596 
303.297654 
312.231379 
313.301324 
315.060661 
318.459775 
317.716847 
316.442841 
317.335893 
312.155068 
310.984641 
307.675421 
307.487541 
314.350993 
311.952406 
302.930085 
293.503039 
319.369508 
314.390447 
310.809346 
319.511842 
313.264168 
314.562145 
314.441087 
306.885647 
317.613767 
317.989826 
315.474076 
307.908347 
309.908902 
317.108260 
311.451494 
313.201741 
312.347342 
307.323234 
315.214581 
314.717664 
307.294768 
315.093223 
296.398245 
318.463770 
319.669656 
315.681133 
317.669702 
314.279177 
316.939258 
312.371114 
315.345726 
310.957273 
306.178077 
308.105817 
321.422801 
309.081372 
310.749616 
316.075571 
309.336174 
313.565614 
315.319658 
314.182690 
312.146478 
310.187775 
306.395322 
313.563516 
311.709790 
310.338398 
309.321990 
316.612741 
310.016775 
305.951942 
304.710498 
310.970857 
299.998931 
311.399309 
308.769095 
314.479694 
320.625982 
309.298773 
318.301610 
315.797547 
313.627993 
309.881989 
321.396478 
315.339585 
306.050885 
317.563376 
305.211469 
311.523863 
312.151526 
319.831515 
321.180631 
315.981832 
312.346997 
310.025920 
308.870975 
312.550358 
306.809295 
314.435745 
300.469833 
299.048501 
306.050685 
314.992192 
304.641738 
313.288991 
306.847549 
309.386670 
309.096111 
305.112985 
305.611999 
303.697646 
295.003547 
304.925206 
315.332893 
315.926896 
312.115768 
311.392616 
307.802230 
314.796123 
304.942185 
311.809028 
313.075542 
311.161787 
306.613425 
319.686484 
302.132382 
310.975306 
316.337914 
314.832081 
309.606712 
309.763129 
311.474521 
313.935033 
309.292182 
312.104482 
307.997600 
302.887896 
310.747674 
315.856478 
299.706828 
305.915543 
313.736366 
311.986520 
302.282906 
301.758620 
305.219360 
304.309927 
310.882216 
314.385006 
309.611506 
308.912227 
300.945475 
290.665137 
306.763648 
309.555173 
313.543492 
317.297288 
313.614609 
308.313430 
311.693363 
323.693382 
314.470505 
329.962127 
332.126987 
317.093727 
305.075129 
305.319342 
319.095578 
301.584026 
295.388195 
302.287301 
297.405729 
305.097803 
313.596830 
309.401952 
311.681977 
322.639120 
301.290770 
302.310174 
291.888802 
293.466151 
289.677797 
291.362819 
297.709272 
305.319542 
293.785477 
298.319756 
303.033126 
295.410170 
296.572207 
299.946248 
287.825070 
306.530821 
313.893982 
284.423961 
307.572999 
311.754192 
284.081863 
290.506324 
289.366162 
318.265851 
281.058211 
308.871575 
289.760899 
295.845559 
299.568890 
285.726732 
303.911994 
292.439256 
289.742021 
279.509927 
307.050711 
290.277093 
290.791590 
309.193897 
297.876976 
299.624725 
291.995976 
288.544027 
303.994797 
288.238884 
282.388350 
297.625071 
310.051191 
305.940115 
293.439183 
294.309861 
294.684522 
281.604169 
287.479176 
284.232186 
308.208053 
293.606886 
299.932564 
303.587474 
289.080597 
287.362214 
298.283598 
300.657913 
284.032021 
298.247341 
290.945908 
287.048181 
298.302176 
300.758095 
292.346864 
285.954466 
288.435653 
289.656821 
287.308777 
298.669346 
291.888403 
276.927857 
289.256391 
293.962169 
297.861794 
284.898804 
285.568218 
288.239984 
294.578246 
293.651433 
290.575443 
296.070296 
300.745709 
288.620437 
297.653838 
290.360995 
298.879599 
287.625804 
276.314376 
299.436545 
293.916722 
297.724854 
293.778085 
298.303376 
295.267238 
287.082442 
298.263022 
293.488924 
298.789405 
295.118012 
289.128042 
289.622961 
295.041702 
282.529984 
291.072260 
293.217743 
301.885871 
290.718875 
295.600346 
290.867400 
288.685461 
290.651653 
281.539846 
288.363239 
293.781481 
290.272998 
292.565607 
290.731060 
285.406508 
301.314941 
293.777286 
282.514701 
284.481494 
290.694903 
300.923001 
293.262090 
290.883681 
309.996355 
306.454610 
297.322726 
284.758069 
285.292142 
290.488145 
290.174114 
277.587383 
298.608417 
301.663432 
288.288626 
297.542368 
288.682464 
299.046603 
296.617952 
284.400189 
300.337289 
297.896054 
297.421610 
285.805340 
298.728976 
293.612080 
295.366421 
294.482859 
297.036262 
291.771639 
294.103204 
295.674560 
295.361428 
284.449231 
283.657261 
289.987133 
303.859955 
321.566278 
289.449964 
292.866855 
300.096371 
300.283452 
304.652725 
289.593295 
290.335225 
299.156375 
291.558090 
293.250904 
291.746270 
294.097211 
297.746628 
287.250644 
281.090572 
303.063689 
287.466291 
292.665890 
298.891185 
285.807338 
297.781488 
286.906747 
285.905023 
283.073246 
279.981874 
302.691626 
285.208241 
296.611760 
286.997142 
297.148231 
298.235355 
287.002935 
284.170259 
295.217996 
289.517485 
284.160570 
286.452082 
284.886518 
294.725074 
324.791195 
320.494037 
305.221058 
286.482745 
289.826023 
294.764728 
294.209978 
297.790877 
286.382562 
289.485722 
290.868500 
294.876097 
287.630198 
291.988085 
289.894242 
292.269355 
286.118073 
292.380825 
295.442932 
305.860308 
297.610288 
286.099595 
296.796943 
305.400448 
290.521706 
307.318497 
296.470226 
305.500330 
282.956982 
300.028551 
298.797095 
295.745776 
292.261864 
302.394874 
297.287367 
290.484949 
279.431719 
282.970666 
294.705297 
291.689436 
293.085098 
297.015886 
300.108657 
303.526447 
286.872288 
308.421502 
288.161475 
293.729942 
303.007954 
300.064309 
290.386265 
282.721858 
292.041522 
301.924526 
290.989657 
290.554667 
298.187511 
285.324205 
297.444583 
275.991356 
280.948339 
287.709306 
283.136671 
283.315561 
313.120788 
294.993559 
307.794638 
295.194324 
300.961356 
295.494570 
290.695202 
280.864538 
287.242254 
286.771107 
296.196348 
284.475600 
303.302410 
296.706849 
290.782400 
286.707182 
299.518749 
291.009633 
304.998819 
279.438911 
294.525907 
301.084411 
319.472835 
323.466349 
293.552750 
292.703546 
309.747646 
292.051312 
310.703026 
286.739344 
290.998946 
293.779384 
294.865709 
283.295984 
282.772998 
302.548594 
279.665245 
287.415951 
294.299274 
293.838315 
286.772905 
305.011304 
286.817252 
285.866768 
308.730140 
291.033405 
282.975760 
284.456523 
314.791428 
296.933482 
331.394147 
285.546144 
294.265613 
296.177570 
297.515200 
296.164285 
288.608551 
287.017219 
289.476532 
291.870324 
288.122221 
293.170898 
287.532114 
295.194923 
291.770341 
283.010120 
285.287548 
303.348954 
310.570781 
290.762224 
302.973994 
279.848530 
276.099129 
283.017412 
280.366921 
288.545524 
302.235561 
284.908093 
284.850361 
283.159944 
285.491708 
289.894442 
291.735682 
284.714820 
291.501257 
294.543487 
292.090665 
297.956582 
301.697592 
299.218801 
288.631824 
283.167935 
294.747847 
295.668367 
293.555646 
282.143138 
301.942705 
301.145241 
291.448818 
286.012896 
301.114976 
286.899855 
298.657759 
301.399842 
310.099933 
316.932916 
295.832574 
294.267211 
290.955198 
316.973967 
283.047676 
316.541674 
294.960797 
285.419193 
296.596977 
297.069323 
294.473869 
294.914452 
296.190454 
282.131251 
294.124479 
308.361673 
321.709012 
290.550772 
294.861814 
282.533479 
296.249385 
295.031515 
287.349029 
299.277932 
282.456569 
289.080697 
293.115362 
304.558435 
284.069976 
277.508076 
285.380739 
295.902992 
304.362665 
293.072513 
324.489948 
295.643496 
292.342769 
280.672163 
285.191860 
297.894155 
301.616887 
295.198319 
277.265161 
287.072653 
285.782567 
293.127049 
292.872447 
300.475127 
290.525802 
291.732685 
287.661462 
301.712475 
286.782194 
302.483171 
289.125045 
301.507182 
288.240609 
296.588220 
292.744726 
290.409465 
304.525014 
291.361249 
314.151125 
294.467606 
305.751375 
298.270148 
293.821265 
289.504526 
302.855071 
304.301475 
294.278728 
288.581409 
298.818205 
292.772994 
290.574472 
295.225618 
290.672157 
293.482562 
293.194100 
290.712110 
291.753390 
291.827203 
294.321478 
293.747851 
282.487755 
304.056462 
284.282050 
289.054854 
301.992582 
295.282252 
279.168846 
295.669797 
292.693686 
285.194979 
298.964933 
295.510883 
306.649822 
308.483571 
305.726705 
301.484279 
291.496491 
309.112334 
292.120759 
301.607634 
295.328197 
282.535398 
282.735964 
293.662851 
286.509838 
289.102098 
289.311253 
284.357362 
291.778260 
295.440266 
305.293412 
290.687040 
282.613307 
276.406485 
296.378865 
289.110389 
296.073823 
285.826339 
285.298158 
297.864323 
278.347809 
288.946680 
296.481745 
291.808325 
284.053518 
301.933452 
289.122774 
282.605216 
292.203461 
288.192965 
293.339629 
290.370111 
305.342655 
288.871668 
284.269066 
294.314986 
288.831815 
294.728701 
291.522760 
288.109462 
291.569904 
295.046028 
294.181243 
293.864713 
291.674582 
300.571449 
293.232056 
295.581900 
286.674844 
302.087771 
293.849331 
287.798826 
313.445453 
296.186891 
283.161265 
287.776153 
289.168920 
282.739659 
285.448282 
306.483716 
303.403928 
288.738625 
288.961863 
282.048669 
288.594394 
296.813556 
292.411617 
299.211844 
284.790454 
299.522379 
298.160876 
279.377002 
283.328169 
290.653280 
291.536943 
285.794177 
297.099421 
304.884592 
292.844510 
295.028848 
285.028176 
293.914455 
284.445759 
287.449636 
291.449945 
302.833297 
287.136103 
289.109490 
302.047419 
299.842603 
299.349082 
306.581901 
295.883846 
290.270228 
291.563013 
305.622926 
301.019124 
285.413324 
301.540314 
290.032208 
285.171807 
288.942185 
301.542611 
280.165777 
297.467290 
298.071980 
287.904103 
290.683444 
284.675089 
299.831417 
276.514958 
295.842794 
281.603192 
284.972541 
283.488781 
291.659500 
288.849595 
294.003550 
281.338103 
293.374189 
292.821437 
285.719664 
292.969563 
290.388290 
282.755241 
291.567907 
281.055134 
286.536108 
285.953291 
304.528709 
298.117827 
302.074886 
289.922537 
300.143451 
289.200683 
295.403709 
282.936728 
291.577495 
294.933760 
289.568751 
286.429532 
301.329361 
297.378993 
293.337033 
286.453205 
298.595467 
290.529924 
287.326980 
309.178157 
288.717250 
293.530406 
302.325093 
298.973723 
313.945267 
281.822933 
290.826776 
298.959440 
283.004748 
301.691536 
299.093482 
297.500950 
294.440638 
282.700404 
288.157406 
276.609347 
293.948915 
306.511883 
291.957151 
286.911068 
282.471174 
302.465228 
291.818213 
292.348691 
288.539758 
284.535953 
284.634038 
290.348936 
289.723470 
287.959938 
299.586404 
289.404144 
286.296588 
300.719875 
290.390287 
292.818840 
300.986163 
299.643038 
285.115173 
293.377685 
289.309055 
283.908288 
292.284766 
297.373000 
306.590791 
294.064080 
300.877491 
295.562323 
285.807661 
295.690972 
293.360305 
307.265599 
292.009090 
303.262793 
324.963646 
288.681891 
326.756844 
300.515116 
287.117125 
281.868380 
303.771896 
286.957013 
295.687576 
308.193511 
284.730225 
284.118841 
298.501177 
287.569196 
297.034296 
305.549312 
298.302910 
298.783545 
290.380899 
289.983565 
293.822963 
292.871778 
284.655413 
301.296799 
319.122297 
317.609770 
284.324201 
296.465664 
290.083048 
286.831161 
306.871962 
316.577181 
312.628611 
288.574916 
291.323993 
299.758503 
286.920157 
299.237813 
293.062354 
289.807870 
305.088452 
297.041988 
295.378139 
284.516176 
295.127732 
294.518746 
292.499615 
301.949733 
284.957658 
292.055335 
303.605291 
291.327488 
292.416013 
296.331022 
294.080661 
289.316047 
305.920277 
288.703865 
287.175258 
304.937629 
296.736646 
299.367062 
289.362692 
295.182968 
290.034904 
282.005121 
298.018044 
290.912175 
294.180842 
280.339373 
297.518529 
290.352732 
298.141898 
289.388862 
288.042041 
290.848750 
279.072059 
294.757067 
285.660833 
282.667543 
287.035921 
294.004949 
296.143641 
286.913265 
298.722218 
300.527700 
318.838828 
296.110380 
282.131472 
296.843521 
291.556820 
306.354868 
290.080252 
303.474045 
297.820275 
288.883555 
287.710730 
293.880795 
288.355873 
291.687367 
296.297162 
294.738290 
292.326117 
293.161938 
291.449546 
286.043285 
301.983394 
279.904584 
285.864894 
284.868762 
292.337205 
297.007928 
295.812330 
291.849976 
293.197097 
290.449519 
292.105277 
303.082805 
298.784645 
286.391676 
306.163192 
303.732643 
291.898918 
288.552043 
283.117716 
295.483216 
292.008990 
288.668507 
287.663086 
293.131473 
293.565265 
283.462611 
303.424803 
304.418738 
287.980713 
317.758795 
295.339485 
283.044602 
285.375568 
281.511699 
288.538759 
286.752054 
301.821283 
301.123202 
287.770260 
298.726713 
294.023028 
285.410327 
294.796920 
309.535838 
292.754815 
290.395482 
290.916171 
291.607960 
293.631188 
299.019170 
286.501947 
306.272864 
299.045638 
323.466902 
290.629308 
300.616097 
297.529117 
294.621526 
301.394484 
297.103316 
292.818741 
288.742120 
282.810775 
299.941288 
290.301092 
286.201899 
299.384740 
306.459645 
279.391685 
320.372530 
295.963053 
299.864877 
294.577378 
284.432274 
291.839988 
292.209554 
296.072724 
286.484567 
290.799109 
299.927903 
296.271092 
295.700761 
290.832270 
295.703257 
296.482744 
276.286625 
293.118089 
295.801942 
283.532928 
283.670567 
286.260431 
287.136104 
298.898111 
302.399306 
289.675925 
287.446340 
279.287706 
294.523441 
291.827602 
289.101998 
290.734683 
293.489853 
291.818513 
301.624215 
298.176657 
299.326809 
288.058621 
288.192365 
287.397397 
299.404617 
296.017689 
296.911740 
279.163852 
295.845891 
286.141670 
290.592551 
311.197789 
292.177991 
297.321460 
298.388708 
296.762915 
280.317798 
297.584452 
295.015764 
293.560471 
289.944311 
291.448447 
298.621735 
316.147685 
296.422914 
311.589230 
288.746016 
298.502775 
292.125353 
289.644462 
304.532505 
283.012339 
290.766247 
283.710021 
285.945400 
293.749149 
306.870863 
295.895832 
294.288716 
303.728846 
283.132698 
283.228686 
304.449902 
286.430132 
299.854390 
294.468306 
302.880841 
292.985444 
276.556409 
285.541274 
283.854752 
294.037112 
276.618437 
297.482472 
293.156743 
278.353901 
302.616251 
302.797838 
281.552052 
290.225781 
286.172933 
298.619438 
291.971334 
283.623922 
282.182313 
291.294926 
290.045692 
290.906982 
299.964461 
291.090667 
276.057294 
298.701142 
276.303906 
305.385504 
293.267814 
307.652147 
296.376668 
294.769253 
283.839170 
295.789556 
284.652516 
285.137348 
287.894115 
298.871343 
292.808253 
289.411336 
290.306286 
287.570594 
289.570249 
286.759245 
294.254357 
287.237385 
285.290368 
285.753225 
299.038447 
288.420897 
303.820240 
287.434554 
293.948615 
293.993063 
282.852726 
280.200936 
293.214576 
288.037147 
276.835182 
305.221496 
289.334925 
301.921266 
297.171935 
276.955342 
298.191939 
287.166768 
292.804956 
291.177664 
312.828477 
294.306395 
308.270721 
305.516550 
278.181204 
284.083383 
300.830645 
284.093971 
324.788952 
292.912630 
300.539187 
296.360886 
294.662877 
279.815587 
291.396908 
283.477593 
286.984182 
288.881057 
281.362873 
293.100510 
297.188815 
292.773593 
287.596963 
294.433847 
285.403735 
279.318171 
295.219525 
296.692098 
289.254420 
292.965768 
292.708470 
281.131444 
292.240019 
291.893226 
296.570940 
287.274141 
301.153068 
288.574117 
288.730934 
290.196415 
286.786114 
291.858167 
295.206141 
285.504117 
304.855825 
284.807334 
325.876676 
292.201164 
289.819956 
293.104604 
284.624849 
292.338703 
280.718329 
292.619373 
296.221450 
284.063506 
305.805112 
293.199394 
285.762813 
282.568660 
292.494920 
290.594248 
299.230722 
286.891091 
292.017080 
312.205807 
303.889958 
301.206005 
299.203653 
296.376369 
285.209263 
279.296896 
302.053212 
293.423032 
294.278229 
288.846199 
292.481935 
297.152958 
292.241916 
294.983402 
305.613537 
290.891401 
279.391685 
292.863088 
304.564467 
298.619838 
288.779876 
303.544463 
289.104995 
276.740594 
294.758566 
293.418337 
298.261258 
277.502799 
284.131727 
292.580719 
299.290451 
302.171073 
287.335070 
290.403572 
293.575553 
292.866984 
287.841377 
301.648686 
293.274406 
289.293474 
304.778416 
287.520553 
299.887351 
275.791906 
283.010042 
285.026977 
295.011668 
283.071969 
290.954226 
293.056761 
292.214848 
304.812376 
283.660779 
292.187680 
287.948051 
288.629153 
284.707152 
294.730798 
285.765711 
294.607742 
281.295952 
288.711156 
302.408994 
287.196832 
297.527819 
287.108935 
283.084155 
294.607443 
284.533755 
276.698843 
283.703429 
300.419428 
294.958231 
291.486503 
301.372910 
297.190314 
303.698882 
299.263083 
301.460906 
281.598996 
285.532884 
283.899199 
287.756676 
292.015882 
276.516456 
283.958929 
290.794514 
285.911640 
292.926114 
298.110635 
290.416157 
286.356918 
275.647774 
284.825214 
293.015909 
287.315993 
290.455711 
292.313133 
283.792325 
301.902988 
293.162337 
290.031508 
291.959048 
290.733685 
288.627155 
291.664094 
295.539549 
294.660680 
293.765230 
291.929783 
300.730263 
332.105772 
313.062502 
293.874203 
288.639340 
291.661297 
295.409702 
302.888033 
295.728028 
298.785244 
287.386411 
291.968837 
298.950950 
287.260857 
296.058441 
292.091893 
291.969137 
294.945646 
311.008710 
306.116247 
289.110988 
298.557810 
280.604262 
290.511346 
293.936829 
294.390397 
283.757066 
295.380136 
291.459833 
303.060930 
288.562931 
310.671406 
291.264762 
283.599151 
287.356046 
286.372399 
292.094490 
317.210239 
322.687216 
283.949440 
294.083757 
299.388337 
298.835485 
295.296335 
296.463167 
297.739669 
290.121503 
296.591417 
287.730906 
296.665030 
297.956615 
302.045621 
298.112533 
311.368189 
284.983428 
326.623800 
293.581346 
289.027386 
283.286517 
279.859237 
293.543390 
291.972233 
281.568632 
290.704020 
301.594949 
287.651999 
282.148153 
284.787558 
308.072154 
299.251896 
294.726503 
297.448112 
301.699426 
297.947526 
290.756258 
293.764431 
284.684678 
290.943439 
291.533447 
293.366897 
292.655931 
304.175523 
296.585224 
291.485603 
297.998266 
296.414024 
296.952992 
276.874137 
285.412325 
290.724695 
287.858856 
290.046891 
293.458890 
303.978954 
305.633613 
289.708687 
299.041843 
291.250180 
288.628754 
295.552934 
283.140388 
299.990630 
306.039138 
305.492879 
294.070772 
296.134752 
300.485450 
294.027323 
284.117543 
299.927404 
279.339146 
291.293928 
288.731333 
283.886214 
293.322050 
291.457736 
298.610349 
283.116317 
290.560588 
292.576424 
295.861971 
291.723425 
276.621533 
287.335070 
287.791036 
291.288934 
291.484604 
307.154530 
307.117673 
285.715569 
281.926512 
298.034724 
299.508696 
303.802361 
290.544506 
294.479692 
297.650574 
297.924753 
294.698936 
293.229258 
284.887940 
294.763759 
298.678469 
296.335916 
297.197705 
288.249098 
310.166198 
313.345370 
296.097994 
312.756861 
285.411526 
295.305624 
300.012205 
282.890981 
296.744837 
276.187541 
282.295380 
304.901172 
284.899726 
285.336514 
299.407813 
281.295652 
298.931672 
282.324047 
293.354812 
290.932951 
301.182433 
294.556203 
293.213377 
289.701595 
282.764630 
295.613763 
293.695712 
295.646924 
283.836673 
292.464356 
300.912749 
299.591199 
279.256743 
292.610984 
293.019405 
293.851829 
282.258323 
296.323131 
313.515671 
307.376569 
318.016692 
298.132210 
296.827039 
290.749167 
281.466352 
282.431120 
297.605927 
303.842814 
289.481453 
289.661142 
286.877607 
297.595839 
294.118316 
295.471630 
295.549837 
287.656294 
288.456456 
282.893878 
305.654488 
293.021203 
296.599606 
286.581054 
293.737263 
286.048979 
280.906509 
289.990457 
291.320996 
295.742212 
285.903849 
297.277512 
296.150533 
286.071951 
288.661315 
275.785713 
286.411454 
293.615006 
284.233707 
291.102053 
299.923110 
285.247119 
282.456490 
296.329123 
289.097504 
280.783753 
306.885445 
301.483280 
310.439978 
312.140883 
280.554321 
279.846751 
300.510820 
284.746206 
295.645026 
292.151323 
286.331048 
292.230630 
285.301355 
297.233564 
286.595837 
276.636416 
291.019850 
279.410363 
310.042744 
297.840951 
299.282361 
296.124963 
300.780504 
284.725531 
293.248936 
310.341593 
288.749912 
289.838235 
293.362103 
282.514622 
288.554839 
296.932116 
289.270201 
290.901488 
289.291576 
297.268023 
298.142298 
295.111251 
294.179444 
309.686361 
299.551745 
295.450254 
292.790573 
289.561259 
294.785134 
299.333501 
293.915754 
287.668180 
307.947900 
312.281119 
305.547414 
310.125346 
304.946618 
294.371319 
290.791217 
282.880693 
294.466908 
280.189949 
292.136939 
293.997658 
288.273869 
296.537280 
289.814663 
299.648931 
287.547022 
295.721436 
302.853473 
298.668980 
285.798172 
311.614500 
292.007491 
288.241607 
276.453730 
310.981743 
310.878563 
298.485795 
323.487278 
287.444143 
294.042106 
285.601903 
285.193981 
276.036319 
277.252992 
296.453278 
315.881896 
292.946491 
313.890432 
295.799844 
299.902633 
291.122230 
289.745644 
297.070554 
287.863450 
292.486030 
303.935605 
289.993753 
299.537861 
281.815842 
307.179600 
283.452124 
289.507223 
297.830563 
288.760099 
300.069438 
289.645461 
282.253229 
280.471019 
307.430306 
284.613662 
299.867474 
277.757001 
290.037901 
298.097949 
276.064586 
298.146992 
293.821864 
276.602456 
285.665928 
287.315193 
289.500231 
281.328214 
292.777488 
287.957840 
291.568206 
281.824532 
290.956324 
285.708577 
304.839844 
279.708413 
285.651644 
292.578322 
292.663922 
288.764793 
307.862999 
299.180880 
296.363584 
291.135713 
285.464464 
295.217427 
302.327590 
294.314586 
289.927830 
301.158261 
284.911212 
287.210216 
286.197105 
299.092983 
295.824216 
293.655958 
297.957714 
285.765811 
309.632724 
293.032190 
287.032325 
287.957440 
301.144677 
294.325473 
302.160086 
286.997566 
304.814074 
284.763885 
290.398977 
292.293755 
290.740178 
304.362803 
283.930463 
299.484923 
298.495684 
311.849525 
287.732205 
301.436036 
284.558926 
290.782627 
288.977345 
291.805428 
289.146446 
296.322532 
292.609485 
293.153647 
299.586404 
302.368642 
282.171225 
287.932170 
297.042887 
290.222484 
294.888013 
293.624595 
286.670450 
284.458543 
303.473546 
292.527881 
289.638269 
296.255210 
278.002514 
286.539603 
291.083974 
287.436351 
280.334978 
279.639994 
302.462831 
281.007989 
288.940687 
298.338767 
293.692016 
302.474518 
285.961181 
294.483388 
319.626505 
287.415576 
297.789112 
285.707479 
295.143614 
300.429515 
307.940309 
283.237974 
300.575145 
289.758928 
291.645216 
288.259885 
300.916745 
293.635383 
286.720491 
296.269594 
297.880505 
281.315529 
284.875055 
286.429732 
297.572966 
292.150724 
290.120204 
286.495755 
290.201809 
295.122838 
283.244267 
287.862352 
296.629372 
283.918376 
296.504718 
285.982557 
287.802123 
299.170692 
287.764866 
294.140190 
293.757838 
301.271629 
293.438514 
287.651899 
286.390578 
292.715861 
295.407704 
302.906012 
297.742367 
283.516748 
300.408041 
295.203743 
306.521173 
284.492604 
297.017916 
297.140972 
300.945111 
281.839115 
288.665810 
287.630523 
288.743518 
291.946164 
304.686924 
292.273479 
287.659090 
292.544662 
304.809879 
312.601542 
281.593403 
289.834739 
293.044376 
297.743066 
302.490699 
290.703121 
279.267231 
282.710792 
278.755730 
296.574636 
292.983746 
287.327979 
292.162011 
293.800090 
302.954056 
286.998165 
289.284185 
293.194799 
285.223647 
292.247909 
295.674492 
310.651929 
293.975984 
306.106159 
297.031400 
289.911250 
297.594839 
284.775872 
285.479246 
293.895677 
301.819985 
294.768654 
281.329112 
290.091637 
282.595028 
295.642629 
290.983991 
278.766418 
290.040298 
294.411772 
284.938381 
285.365979 
289.426418 
296.308448 
295.257880 
291.540439 
312.887208 
287.444242 
304.616805 
291.406896 
288.901434 
284.150105 
288.743618 
291.928584 
295.726230 
293.403954 
302.077583 
292.466053 
296.636863 
302.194246 
276.633718 
285.241525 
289.712083 
292.285665 
296.770307 
287.027730 
287.539531 
294.621626 
291.052211 
316.119717 
298.568298 
290.835066 
310.703268 
289.723570 
301.533421 
293.292185 
297.541702 
296.407332 
285.371472 
297.183022 
304.355811 
290.238965 
292.162110 
290.355329 
295.524567 
288.865675 
294.311190 
303.605391 
292.736636 
300.652254 
292.676307 
295.284848 
283.508658 
294.643001 
301.670461 
307.388056 
282.296878 
298.861854 
290.405470 
289.980568 
298.982113 
293.968192 
282.581944 
290.939444 
290.672757 
276.606052 
287.885725 
309.102046 
289.079125 
296.801869 
293.209082 
301.522134 
304.821765 
293.236950 
293.099910 
289.679920 
294.833677 
293.187308 
291.419981 
295.675590 
300.709587 
312.025118 
311.834442 
300.262312 
282.187606 
296.959984 
293.482562 
294.295209 
296.400640 
285.778795 
298.321188 
299.289253 
281.318326 
300.142152 
285.791480 
281.983046 
291.966340 
288.206948 
284.511881 
285.787984 
297.983783 
289.990456 
303.649440 
289.496236 
292.613481 
291.229204 
282.853026 
288.284257 
289.464074 
279.795811 
286.029901 
277.302834 
297.973895 
279.498359 
297.859729 
283.696237 
286.278109 
279.351631 
300.912649 
289.995451 
286.605426 
280.338174 
291.455538 
288.795558 
284.057913 
295.293139 
300.933425 
285.429005 
290.045292 
289.702594 
284.819520 
291.640822 
295.948970 
299.384041 
294.457619 
283.676261 
290.911377 
283.675861 
284.596082 
279.478982 
292.863488 
293.076138 
281.345394 
296.952393 
290.448220 
291.280144 
280.750891 
284.283549 
283.753370 
295.463539 
287.858756 
291.580392 
289.377975 
288.283958 
280.220013 
290.809296 
290.965613 
292.288861 
288.425491 
288.924506 
290.614924 
287.102543 
288.901034 
303.073016 
288.122447 
279.522531 
296.185692 
292.722453 
297.743965 
292.801561 
306.077792 
293.118289 
301.597346 
284.939080 
282.502138 
284.650019 
300.625386 
286.451606 
288.047435 
290.730888 
282.752144 
282.913155 
280.578693 
282.524611 
298.295019 
294.226489 
278.911848 
286.076146 
286.232164 
300.684717 
286.875209 
288.533765 
284.883645 
299.133735 
294.141789 
305.340557 
284.627246 
293.890883 
286.988177 
294.393793 
285.784389 
288.264680 
277.015870 
303.264492 
293.679431 
294.332266 
294.989695 
298.298814 
289.043966 
284.874755 
280.472417 
297.970200 
283.365325 
283.168756 
292.061928 
292.927413 
294.163064 
290.477186 
293.668243 
285.393447 
285.137947 
290.021421 
296.417919 
288.762996 
303.754217 
289.093209 
292.228233 
296.038764 
284.498596 
285.849213 
292.073813 
298.905203 
294.985699 
285.776697 
292.600895 
309.173462 
282.527308 
285.801868 
292.771695 
276.726510 
298.353950 
291.585986 
287.442045 
305.292514 
282.807479 
289.524203 
297.303681 
280.411789 
317.476626 
290.233172 
292.665519 
289.565954 
285.491232 
297.095125 
302.044821 
291.522360 
297.701814 
282.515321 
283.747377 
299.147219 
287.386410 
292.633358 
288.824025 
291.853772 
290.910977 
285.168511 
292.413216 
281.504907 
289.751837 
298.673375 
289.149942 
295.470631 
289.402945 
294.417565 
293.581047 
296.131556 
292.030465 
313.751594 
300.226054 
305.549212 
298.217410 
283.069672 
292.592705 
298.252768 
287.661488 
296.572338 
290.354130 
302.080380 
291.217218 
317.923202 
297.457400 
295.498398 
286.832160 
298.086963 
291.675980 
283.619527 
290.711611 
286.019213 
300.664640 
279.560287 
291.214621 
296.263401 
283.926467 
290.410064 
291.083075 
290.663268 
294.052793 
293.428325 
293.680329 
298.030729 
284.125833 
293.597727 
299.542656 
287.497880 
290.482979 
285.819947 
290.479783 
288.828819 
279.977098 
285.431402 
300.515815 
276.202025 
301.135289 
301.706618 
292.782183 
283.657583 
282.465280 
290.687639 
289.378174 
283.875227 
297.881104 
285.093799 
293.006320 
296.788885 
292.535772 
288.773783 
294.786633 
308.370404 
302.167078 
295.746907 
309.863354 
291.911204 
290.143278 
303.214750 
294.030719 
307.022984 
286.154954 
295.658410 
295.268767 
283.247363 
291.821309 
295.012368 
299.907428 
293.080233 
308.082242 
294.721409 
292.053637 
287.179353 
284.723233 
292.997630 
289.068737 
280.312005 
301.376905 
292.464954 
282.395762 
284.840595 
293.900771 
285.481244 
276.774054 
301.874121 
290.350035 
288.644235 
287.640512 
285.318535 
288.570122 
292.157815 
294.889812 
283.830979 
295.657411 
282.739060 
290.056279 
291.315603 
295.555930 
297.970699 
287.685060 
284.867064 
286.317563 
289.348609 
287.670876 
287.896013 
287.843974 
291.430269 
305.428853 
292.247810 
285.116172 
296.904150 
283.532129 
279.671956 
309.964235 
294.791827 
297.911568 
293.538796 
291.939371 
285.527290 
293.976482 
290.988986 
300.636373 
288.066013 
280.793042 
294.646996 
293.397761 
294.788730 
287.591370 
306.142716 
291.129920 
283.063679 
300.791990 
282.825059 
283.880221 
285.877280 
283.979705 
302.391316 
293.780213 
300.549175 
290.423349 
284.586793 
290.941242 
297.177029 
290.860636 
295.498398 
285.519000 
293.268313 
288.433382 
293.834149 
287.531440 
285.796274 
298.881031 
285.792978 
286.195307 
292.186482 
299.480129 
292.768299 
280.231900 
291.962544 
291.608959 
295.530061 
288.803448 
300.791191 
292.339103 
300.025689 
295.511382 
294.673065 
295.824815 
286.379091 
285.683107 
285.184591 
281.744226 
286.774327 
296.758321 
296.811059 
314.274481 
288.863079 
301.765149 
307.692199 
286.803094 
312.823982 
286.119295 
279.504452 
302.627638 
292.126052 
290.759155 
300.597618 
290.659572 
288.025261 
289.194390 
302.327490 
294.023428 
299.726540 
292.574527 
295.445860 
300.757032 
276.469511 
305.076167 
279.331855 
302.196045 
294.554305 
300.290478 
295.239801 
302.018352 
297.632795 
276.175556 
294.040708 
285.461168 
290.710313 
295.999810 
291.398606 
293.488555 
303.041852 
299.350581 
304.890785 
286.913365 
297.048880 
312.404973 
288.440474 
303.022076 
284.811230 
293.861917 
284.215628 
282.783707 
292.238920 
287.745689 
282.787303 
277.506096 
293.055063 
292.439385 
293.123383 
286.625403 
291.340473 
295.976837 
293.504836 
283.603845 
296.631969 
293.047672 
285.539776 
305.205615 
287.160575 
292.797265 
288.119150 
294.947045 
284.865367 
291.028639 
295.691572 
287.457527 
291.122529 
294.225690 
291.855669 
280.348263 
285.188288 
288.905529 
296.485241 
285.974066 
293.558273 
292.294255 
302.936276 
292.436987 
299.826123 
288.612872 
281.335805 
300.021494 
290.511146 
280.144103 
280.586184 
290.779431 
293.181415 
287.810912 
295.387428 
285.616186 
289.048461 
287.806617 
291.470720 
287.946254 
296.911541 
277.473534 
292.202163 
284.452551 
294.140190 
292.742530 
284.107955 
308.652573 
287.637016 
292.112469 
290.526528 
290.786523 
287.905801 
292.638551 
293.762533 
290.218389 
290.614924 
291.800434 
297.748659 
281.839914 
300.412236 
292.230529 
298.949451 
289.169120 
297.961111 
296.726358 
294.755869 
288.702966 
293.939726 
294.153175 
294.389598 
282.179416 
286.174931 
289.772612 
286.120695 
284.513578 
294.175050 
278.371381 
285.469258 
290.851047 
306.034543 
295.299431 
289.490243 
287.103042 
281.411517 
286.883500 
283.953236 
302.392114 
283.783235 
288.681492 
284.330693 
282.892180 
281.108172 
306.311519 
286.882101 
282.081131 
295.589691 
293.140363 
285.438395 
289.950504 
300.997051 
296.260604 
289.042268 
289.159231 
283.871133 
290.041896 
300.974276 
289.153638 
289.454885 
279.433636 
279.295697 
297.280808 
292.466853 
295.944275 
293.408648 
294.828983 
290.784126 
286.667653 
279.380497 
298.530941 
289.000917 
301.404472 
296.973468 
290.065468 
291.264163 
296.294265 
285.115473 
294.342254 
292.737535 
295.620555 
289.862806 
301.150070 
281.644543 
296.220151 
294.895904 
280.967138 
276.596062 
291.876346 
292.207357 
289.898564 
287.253266 
291.622144 
300.270602 
294.351443 
298.080670 
291.485104 
283.514750 
276.567296 
294.213205 
276.432255 
304.755843 
284.951865 
301.737182 
288.425391 
306.807937 
293.925342 
291.860164 
287.487991 
304.570560 
297.283205 
279.598242 
298.529643 
301.716706 
290.423449 
303.428699 
298.482698 
281.672809 
286.418844 
294.792425 
293.308866 
284.121439 
279.249851 
287.362738 
292.607488 
294.603148 
295.020258 
288.970553 
287.626030 
293.524512 
286.157252 
297.001136 
287.267249 
297.557883 
283.401083 
281.669713 
302.867157 
295.330594 
286.550090 
297.542501 
288.581209 
292.400631 
283.313985 
286.661660 
281.376956 
280.153291 
283.963624 
293.326745 
286.654168 
290.034705 
288.110861 
294.880622 
306.477823 
294.327071 
294.353540 
284.822817 
284.206839 
282.918749 
290.165751 
291.278846 
278.303760 
287.013547 
280.398005 
291.076383 
280.125524 
289.349408 
284.741112 
282.471773 
300.301067 
290.753461 
295.705055 
283.887213 
296.761317 
295.506489 
303.118363 
290.888504 
285.299756 
294.647895 
302.892727 
288.464745 
281.162309 
288.137529 
280.059002 
305.377114 
290.329459 
292.979252 
287.963633 
289.667935 
297.434328 
289.658246 
286.971396 
282.408547 
291.353058 
297.578958 
296.760917 
288.100472 
303.887361 
288.564329 
288.648729 
279.448518 
286.940833 
296.558455 
294.421161 
295.434373 
287.738997 
285.769606 
292.507405 
299.952674 
292.068220 
291.263664 
282.394663 
292.845009 
288.873266 
300.145249 
294.203617 
284.136521 
298.149090 
295.660108 
292.783881 
295.548739 
293.395464 
297.447212 
292.797365 
303.561643 
307.357093 
299.306433 
281.919021 
287.298013 
295.790954 
284.137520 
283.993588 
299.892745 
290.469196 
301.256146 
301.238268 
297.943831 
309.999794 
286.189314 
296.202272 
298.607552 
287.633720 
284.719138 
292.194772 
284.591488 
287.215011 
286.514133 
290.245158 
295.666101 
289.977472 
285.788384 
299.552044 
299.461950 
286.774827 
296.198078 
287.059293 
296.975067 
286.720890 
292.475143 
285.872286 
286.407858 
304.614408 
307.619584 
277.978342 
288.639041 
295.817225 
295.088978 
284.666699 
309.181054 
289.394156 
286.577958 
287.482098 
286.556982 
295.503692 
287.484395 
293.975784 
290.455411 
295.039236 
287.042313 
300.164726 
281.836418 
287.838280 
300.956398 
283.059884 
288.911521 
298.419472 
293.006120 
317.392125 
297.228869 
323.834071 
283.967919 
302.992710 
285.766909 
295.030646 
289.643663 
292.505407 
307.509214 
290.623314 
295.777870 
289.295172 
292.614380 
302.785852 
300.171718 
288.943884 
283.125406 
294.451525 
296.323630 
284.207138 
291.529352 
299.724043 
292.802759 
296.106485 
297.056072 
276.547021 
282.867110 
283.183938 
288.197758 
295.644227 
293.250434 
284.521869 
290.520135 
303.341601 
292.936102 
297.338341 
293.887787 
299.019968 
295.148508 
295.666101 
291.704746 
299.946881 
296.225045 
285.033369 
291.728918 
288.007981 
288.431784 
290.011732 
300.173916 
289.099502 
303.006893 
287.545024 
289.781002 
294.081559 
288.603084 
293.881794 
289.484650 
301.430242 
282.084727 
303.028768 
297.439122 
291.516967 
287.736899 
300.920340 
288.868672 
287.534836 
291.016253 
294.218199 
286.506442 
286.838552 
297.978090 
287.348055 
288.024661 
306.653118 
311.474964 
297.607126 
305.426057 
294.525938 
291.750992 
295.703357 
297.205696 
287.482897 
287.509266 
291.340773 
288.908425 
293.254629 
290.254147 
294.584569 
298.722217 
277.160601 
286.297587 
299.734231 
288.102271 
296.228242 
291.214521 
294.345850 
300.022393 
296.362285 
308.508342 
321.358175 
299.018570 
296.102590 
288.014373 
302.429870 
289.370384 
285.196578 
294.234080 
285.601903 
300.230948 
296.736546 
298.234389 
295.303526 
291.798636 
305.669072 
288.119151 
290.829073 
298.677270 
306.371449 
296.567045 
298.177856 
293.618702 
292.248009 
287.294917 
288.474035 
317.007376 
297.500950 
292.087297 
291.821210 
298.814609 
286.345331 
291.052810 
289.255019 
294.002352 
290.843656 
292.380654 
308.159252 
291.919894 
293.424830 
300.653153 
295.269166 
287.145492 
298.057897 
280.108345 
275.820672 
304.531007 
280.080477 
285.941304 
306.727530 
284.188660 
307.785190 
299.300839 
285.753625 
291.213023 
283.476595 
307.014594 
286.954617 
293.906165 
298.048907 
276.590869 
281.920619 
294.857849 
294.374016 
284.410300 
301.089342 
293.378883 
306.947572 
297.312670 
285.585822 
293.763632 
292.655431 
287.090257 
292.400830 
306.871462 
309.439450 
298.262157 
304.215276 
287.672375 
282.734065 
286.118198 
285.191084 
296.106186 
302.399206 
291.400003 
287.387908 
289.445196 
289.405742 
294.041905 
293.780213 
286.316265 
287.324183 
281.172297 
283.852754 
289.300665 
293.751746 
299.918715 
305.929866 
298.975221 
295.143215 
302.971135 
284.566716 
290.492368 
288.368858 
289.100800 
300.123075 
287.097749 
299.909726 
301.988488 
285.970371 
288.103569 
291.557120 
300.675727 
282.086925 
286.038291 
282.178218 
289.558963 
283.550008 
290.174141 
293.092918 
300.650857 
291.406196 
301.601542 
289.215165 
291.780457 
304.066551 
293.909861 
293.995760 
305.332367 
295.115846 
289.912048 
296.107784 
287.829690 
288.491315 
292.035559 
292.311335 
294.953736 
289.672429 
292.999129 
300.325138 
290.982792 
294.259251 
298.102244 
304.595031 
301.586159 
298.822800 
285.702584 
297.232465 
291.308911 
303.162511 
289.270301 
297.224774 
284.371046 
307.993546 
327.152480 
294.597954 
285.957685 
308.671451 
295.483915 
300.102999 
280.689662 
280.323691 
292.170100 
290.767845 
295.198949 
291.137212 
292.280671 
280.230601 
295.563921 
281.802358 
294.884817 
294.180443 
290.017725 
300.831345 
296.906247 
295.013067 
287.852563 
290.955624 
283.363427 
291.118434 
279.747467 
284.755495 
287.372326 
279.308682 
288.497407 
291.877843 
294.891310 
293.013911 
293.080433 
299.883956 
282.847632 
279.799307 
292.996632 
282.631586 
287.941759 
284.118142 
293.368995 
289.353104 
288.579211 
294.722907 
285.470257 
300.111988 
290.140181 
294.327271 
286.708704 
288.994125 
289.165325 
287.588873 
299.715852 
300.891174 
289.079825 
317.617861 
321.599092 
303.449175 
296.323929 
283.794123 
282.409846 
279.466897 
286.724686 
301.159760 
298.903206 
305.640205 
279.439030 
294.623624 
279.860935 
303.543165 
289.506025 
293.412344 
287.813908 
297.571367 
280.250477 
303.316330 
285.595310 
286.122392 
286.103814 
294.370121 
295.482417 
303.419510 
292.703575 
291.513071 
281.050439 
296.091602 
280.583188 
284.555929 
291.933877 
300.220061 
285.403236 
309.726314 
281.144629 
302.921394 
286.968401 
298.799127 
290.987088 
321.198262 
295.757993 
288.234715 
308.712903 
296.034369 
292.396236 
288.639241 
303.094291 
300.421126 
295.719339 
286.326453 
295.042732 
289.982966 
286.665855 
288.607179 
290.888104 
284.158795 
292.410618 
301.943641 
295.275859 
299.104869 
298.468415 
301.715808 
296.330222 
291.996204 
296.888768 
290.692833 
311.520110 
289.599415 
289.350707 
297.415749 
284.580400 
297.338840 
286.822272 
281.221339 
297.467589 
292.643146 
293.756840 
293.711893 
303.342600 
279.512443 
293.585741 
301.738980 
292.005394 
292.475542 
304.423133 
300.516514 
289.301964 
295.300830 
300.307559 
299.209047 
287.107337 
297.683935 
280.628135 
297.448211 
286.956614 
297.550991 
289.054554 
288.857884 
301.638997 
285.450780 
289.159830 
301.129794 
289.689310 
290.689836 
285.100291 
288.591098 
294.210708 
292.820238 
293.050269 
287.039117 
298.029830 
304.176522 
285.537079 
298.761072 
294.103634 
297.140673 
294.626720 
284.043829 
294.648095 
303.383752 
295.325501 
299.972851 
293.694513 
293.908562 
282.622097 
297.226172 
292.518292 
295.163291 
296.064234 
284.577504 
302.196943 
298.855761 
282.081930 
310.724244 
293.239846 
298.682064 
293.269911 
291.213922 
292.604092 
293.543690 
300.678124 
285.900153 
312.206107 
288.760399 
307.432104 
293.718584 
287.067484 
279.213094 
284.556428 
299.746717 
282.027694 
288.948479 
294.675662 
295.649820 
289.335425 
292.916226 
298.979016 
297.567272 
281.085398 
284.837699 
279.533119 
288.863078 
304.131874 
292.448874 
292.370266 
301.090740 
287.801124 
292.818140 
297.001236 
295.198250 
295.353068 
295.297733 
286.373698 
322.966189 
277.081993 
322.292978 
292.697582 
285.445386 
294.773548 
296.975865 
290.862634 
302.841487 
293.032989 
299.128441 
286.911067 
286.503945 
297.658864 
284.340382 
291.436461 
292.050041 
286.609421 
287.926077 
293.415140 
293.741358 
297.181325 
299.207150 
287.323184 
283.904793 
291.170972 
292.562441 
291.628935 
290.048289 
292.708270 
299.989332 
287.581981 
290.797011 
298.156980 
318.861802 
315.626896 
289.923336 
300.595821 
289.802177 
283.968518 
293.417538 
287.938563 
304.648968 
292.401329 
302.725224 
280.331483 
282.505534 
288.076700 
298.297216 
299.007583 
287.162672 
285.044256 
298.789339 
279.058076 
300.620692 
290.998375 
294.722308 
294.538723 
294.576179 
286.602929 
302.503184 
297.123592 
302.856271 
291.339175 
326.933637 
291.290632 
296.018888 
295.743610 
280.096758 
288.948878 
279.088740 
292.922718 
298.383814 
292.559044 
299.824025 
283.931961 
291.021348 
292.396535 
293.491151 
296.593314 
302.383025 
298.426964 
288.593894 
290.630406 
293.592533 
298.628128 
295.713346 
299.077301 
297.494557 
278.230846 
292.337305 
291.982620 
299.745817 
299.351480 
296.427608 
285.692196 
283.472300 
281.226933 
304.067749 
293.364101 
318.797477 
288.215238 
290.159359 
285.579529 
287.365035 
293.963298 
301.746971 
304.708499 
296.322032 
295.537751 
296.491434 
282.840540 
290.714907 
292.780485 
296.984955 
290.687040 
304.562070 
294.255855 
284.273461 
289.004013 
288.714253 
283.606343 
290.032108 
289.236540 
290.832170 
291.329786 
290.380000 
294.284522 
296.303953 
282.757238 
309.845474 
284.286645 
294.759964 
290.747469 
283.474897 
284.255981 
283.916779 
285.502519 
296.516704 
300.735257 
279.264933 
285.173604 
286.379890 
291.356554 
282.276601 
287.724313 
288.327707 
296.331621 
284.108154 
291.418083 
301.984292 
283.310790 
319.008929 
298.816907 
288.839106 
281.656029 
288.695475 
285.767409 
286.821772 
289.542282 
280.092862 
299.608778 
281.280570 
287.734801 
289.291676 
296.089106 
286.209690 
298.204125 
292.509203 
295.912213 
294.359133 
286.191112 
286.757347 
287.725612 
296.594513 
282.698907 
286.824969 
290.237067 
294.011142 
302.000773 
290.521534 
288.820129 
275.847740 
297.589346 
282.807080 
300.929529 
278.854814 
297.740369 
285.882374 
281.805954 
281.047643 
290.432039 
284.725131 
278.625783 
290.636199 
298.750185 
296.999838 
291.775363 
292.765702 
307.211264 
299.025062 
294.517748 
288.244804 
295.577105 
299.746317 
292.121558 
290.516539 
281.482334 
283.440237 
292.428897 
293.701505 
297.681638 
301.300395 
311.477660 
299.139029 
302.063200 
285.208764 
293.241145 
286.909470 
302.506480 
290.029211 
284.053019 
279.587854 
290.109218 
285.762914 
291.713136 
289.967483 
286.517728 
302.632632 
292.721754 
289.620091 
293.183013 
308.062865 
291.439058 
276.953244 
298.188943 
288.602583 
293.018506 
281.480036 
288.835211 
294.614734 
286.385184 
283.890509 
290.013230 
292.994734 
297.694023 
290.511946 
286.288997 
294.757267 
301.752764 
292.528680 
292.269883 
295.334789 
288.796756 
291.092365 
301.800308 
281.502909 
291.570704 
289.002515 
289.240136 
298.885726 
296.866294 
290.611928 
300.991257 
298.962836 
293.940725 
292.334807 
291.840787 
292.580119 
284.664302 
292.509702 
295.700261 
288.731433 
299.206150 
290.353830 
289.798581 
289.865404 
289.388462 
293.301873 
290.798309 
303.117563 
285.680510 
298.347857 
289.498434 
297.288499 
287.324282 
302.166579 
292.977454 
286.830662 
297.084139 
289.189396 
290.060574 
291.471220 
297.068757 
288.217536 
286.431829 
304.751648 
285.545668 
305.135397 
294.279427 
288.851992 
296.804266 
290.570477 
294.108927 
298.647205 
295.939281 
301.721101 
297.457001 
288.228923 
300.890674 
298.439249 
294.791726 
286.956114 
296.327925 
296.745735 
285.374270 
285.906046 
290.613226 
297.833360 
295.804139 
276.459823 
289.268204 
301.615425 
295.008572 
285.098493 
296.233336 
279.573072 
285.584923 
306.772079 
295.049824 
293.902869 
293.985273 
297.009027 
294.281425 
288.153011 
292.141235 
289.710285 
306.123838 
300.511120 
276.265350 
298.321688 
294.553207 
293.435217 
296.314241 
280.132117 
284.932987 
279.461802 
285.487337 
292.637353 
292.272980 
287.244676 
300.629980 
284.067402 
291.234398 
294.894506 
292.744926 
289.356600 
300.758430 
288.617666 
286.647976 
294.097940 
300.370385 
289.915944 
296.497170 
294.334140 
295.017640 
292.397509 
301.090823 
284.908284 
299.003769 
307.212651 
293.936206 
302.850662 
290.838536 
297.009405 
296.515784 
294.963203 
294.106706 
282.373454 
295.930569 
291.520138 
296.368856 
287.258530 
292.335482 
297.681118 
282.546252 
293.838820 
286.603098 
287.921853 
290.959394 
290.631877 
300.430697 
297.832341 
285.431870 
282.862481 
303.757000 
283.296672 
286.003101 
291.070964 
287.328148 
290.510120 
290.546378 
299.457637 
293.225839 
276.334229 
295.563100 
294.669746 
290.879987 
284.735786 
287.863821 
288.745389 
276.599719 
286.523691 
280.466788 
303.249594 
279.858200 
298.092636 
288.294516 
282.329106 
299.168475 
292.325093 
293.596604 
298.856741 
287.506240 
288.586374 
286.368273 
285.861767 
296.492111 
293.719460 
294.087129 
300.860094 
287.097719 
290.233045 
279.810957 
285.909910 
290.790093 
290.453587 
300.186882 
283.331431 
294.210584 
286.101286 
303.734925 
282.968057 
286.255106 
284.357030 
306.726620 
288.830388 
282.948780 
310.868068 
281.376822 
311.263205 
297.346511 
289.923707 
280.112902 
294.262025 
280.997366 
313.543133 
293.314835 
323.253856 
287.340734 
295.421666 
295.858155 
290.630979 
297.909152 
276.730865 
283.450492 
291.554297 
288.187541 
297.931525 
287.456199 
286.573333 
304.059146 
283.875494 
287.555682 
290.692507 
307.420407 
287.189711 
300.544064 
301.852631 
289.442671 
289.703066 
275.979845 
293.266690 
299.634030 
304.419023 
287.734573 
321.250003 
279.877478 
289.815934 
293.788879 
304.074627 
292.522064 
288.571791 
295.051500 
295.956739 
292.915202 
297.242333 
302.055194 
293.775195 
303.173084 
296.879857 
298.883110 
287.342531 
313.558615 
286.399137 
291.024118 
291.704321 
288.922081 
296.396723 
291.623916 
298.450816 
294.551486 
288.297513 
288.046507 
282.626158 
294.176625 
301.429427 
291.816690 
297.136757 
297.151539 
295.782043 
289.041042 
282.778579 
292.844685 
294.094721 
292.539343 
288.369030 
286.941402 
297.936320 
280.390477 
296.157004 
286.356686 
286.726754 
302.602453 
286.918529 
296.702265 
293.201866 
290.065541 
287.936136 
300.048444 
298.400575 
289.122746 
293.518296 
307.548557 
281.940860 
326.289100 
290.899065 
280.001433 
284.614029 
297.561759 
291.368914 
296.384638 
307.771995 
293.808456 
287.861724 
287.933139 
306.159884 
285.111846 
292.271756 
300.734641 
294.577255 
284.194320 
300.070419 
294.498447 
299.250580 
276.424924 
296.700367 
281.172761 
292.359454 
286.498921 
298.573772 
288.303007 
308.206786 
315.930836 
322.468776 
280.412252 
293.510006 
303.250193 
276.742252 
302.147386 
289.346884 
285.335883 
286.113272 
290.479457 
309.949943 
294.155050 
309.524342 
299.601069 
305.131589 
294.868114 
283.370086 
293.381656 
285.280049 
284.137587 
303.125040 
294.023404 
290.325038 
278.606467 
292.875749 
296.298739 
295.042211 
284.719006 
285.522165 
298.072460 
294.065255 
289.650028 
302.509861 
290.099202 
290.874493 
285.162287 
281.138501 
294.855928 
280.750755 
284.184132 
283.022294 
293.385252 
285.490902 
294.907768 
297.691307 
290.720574 
291.573375 
292.685572 
293.313836 
293.895554 
297.603610 
288.739895 
290.186200 
300.678206 
293.913234 
299.211425 
284.281518 
288.308800 
288.526944 
290.909053 
292.175569 
295.180848 
295.535633 
299.698255 
294.232959 
295.093551 
282.225527 
290.836438 
299.351361 
281.766266 
287.811083 
287.381786 
293.515200 
283.300767 
293.983251 
289.117652 
289.134332 
280.214783 
293.723756 
305.206302 
311.257712 
294.927745 
297.399948 
283.927932 
278.133622 
305.287806 
283.328734 
290.798083 
283.533994 
290.881485 
305.984490 
295.288422 
282.078000 
293.968868 
291.411864 
304.179105 
292.947665 
279.556454 
285.034337 
282.791564 
302.966725 
322.111594 
332.438095 
324.185863 
289.233716 
293.571733 
300.786680 
299.465828 
307.345495 
300.303745 
303.863175 
289.123346 
296.559333 
296.975844 
283.489946 
286.136844 
