299.280585 
289.575475 
282.419700 
276.330156 
279.020590 
274.974520 
277.877921 
280.959455 
279.000337 
289.837874 
285.487252 
282.382962 
284.956879 
287.143059 
282.320718 
275.369012 
284.860760 
276.831749 
288.211621 
281.051778 
280.387545 
281.236887 
281.715008 
287.783293 
286.383632 
281.469872 
286.252452 
283.119893 
274.849528 
279.428349 
281.695505 
282.141969 
282.437934 
282.626864 
286.605325 
281.872733 
277.884491 
281.630566 
285.676783 
279.397351 
278.525165 
278.170474 
280.908050 
298.923121 
291.240320 
288.915008 
303.509429 
299.543193 
295.450411 
298.151134 
289.684174 
288.369303 
278.685940 
284.923780 
285.166263 
281.716577 
283.637257 
291.404268 
282.262630 
288.248113 
279.309458 
281.446555 
277.000135 
286.206253 
288.108389 
279.431693 
275.901368 
284.260041 
278.971074 
280.678245 
282.171507 
278.340244 
275.351902 
290.312563 
288.214107 
281.041865 
284.506179 
279.583328 
278.453855 
277.785916 
276.239045 
281.067044 
275.708402 
275.148443 
286.295635 
284.544678 
278.261078 
278.791726 
278.546616 
284.592285 
279.009109 
278.307908 
277.873078 
285.542867 
286.886492 
288.442374 
278.822424 
277.497091 
277.303301 
275.384021 
283.170577 
279.000796 
281.911225 
289.251494 
280.296119 
281.584992 
282.494571 
281.821717 
278.712637 
278.301824 
275.149929 
275.728957 
281.931360 
285.485654 
275.455592 
281.254940 
284.907795 
286.400620 
279.294569 
282.661404 
277.843137 
291.343817 
277.985754 
278.680660 
281.441090 
277.674582 
283.600296 
282.010607 
279.180129 
291.013883 
282.256102 
276.754399 
285.207721 
276.342299 
278.654940 
278.651176 
282.599252 
285.927050 
279.782362 
284.730643 
284.280166 
280.563765 
279.038609 
279.518418 
295.037159 
278.972640 
281.937303 
278.892720 
276.095407 
275.395236 
282.713591 
286.025195 
287.806925 
290.360830 
289.644811 
277.828303 
281.743845 
284.882347 
290.566445 
284.424490 
289.317445 
288.632849 
281.663559 
282.117875 
286.115753 
279.368859 
280.146415 
281.024330 
287.906147 
283.313569 
291.068401 
290.383040 
299.471990 
294.573411 
306.002991 
278.457060 
277.393784 
275.623741 
278.807055 
279.348135 
285.053425 
278.973781 
279.566751 
278.869278 
278.679524 
279.919117 
285.437692 
280.700544 
291.134458 
293.664728 
281.235230 
284.550224 
275.403408 
284.656818 
282.007261 
285.038129 
279.969105 
293.202997 
280.925634 
282.578691 
284.588850 
274.941468 
278.390877 
281.345938 
279.677990 
281.957387 
275.445319 
283.473317 
277.438612 
289.859230 
274.839004 
289.726112 
277.955332 
278.413960 
274.839039 
281.301868 
275.712132 
278.558860 
286.103104 
280.550830 
275.153972 
279.623918 
279.070745 
280.644216 
283.111374 
283.961894 
274.994567 
275.564516 
283.205330 
280.606516 
275.540546 
281.547084 
286.141205 
283.626482 
275.907939 
274.954904 
282.537569 
290.976805 
278.974698 
295.039910 
275.267352 
285.454099 
275.708131 
288.192141 
275.621148 
284.384649 
321.468956 
295.516280 
281.501470 
279.088149 
286.519579 
295.858171 
276.063718 
292.416606 
297.722922 
279.857401 
279.154997 
292.963216 
293.488524 
278.815808 
288.318227 
278.853004 
290.685276 
284.838586 
288.273512 
287.802632 
294.584818 
283.269779 
280.945964 
285.504206 
285.428113 
282.222851 
275.223276 
284.587248 
283.703140 
285.691579 
281.693985 
281.554065 
282.906759 
282.804817 
275.958662 
306.354388 
283.790721 
280.882151 
278.438962 
286.967962 
280.342902 
278.817372 
310.999163 
317.296272 
284.944975 
281.583295 
298.024711 
298.643811 
301.932925 
280.385364 
277.423929 
286.601544 
287.610408 
284.939769 
279.311997 
275.496579 
278.510979 
282.442781 
281.940549 
279.322458 
283.762224 
278.294820 
288.610357 
279.369084 
279.241365 
278.906954 
281.254524 
293.524856 
281.887156 
283.085868 
285.267001 
280.583392 
278.820623 
279.904415 
282.745163 
293.464662 
290.586239 
288.012435 
281.804104 
295.403091 
284.141235 
286.471171 
285.283019 
287.533481 
283.016777 
275.522627 
277.948644 
282.460677 
289.136808 
278.433338 
283.406330 
283.329538 
280.909726 
282.149137 
281.211923 
295.918027 
277.709237 
283.308371 
281.980797 
279.960503 
282.268495 
282.268090 
285.448564 
281.091235 
324.722575 
337.689265 
275.615306 
281.842125 
278.124571 
294.159219 
293.228061 
296.871561 
276.295397 
283.705695 
280.459686 
282.392626 
283.875222 
276.763085 
284.988504 
286.927998 
279.241446 
278.811897 
279.086302 
278.928188 
281.433753 
279.040872 
278.473607 
282.285278 
279.904481 
282.239927 
286.468643 
280.304454 
278.819601 
293.475343 
282.053799 
280.677276 
282.699606 
293.821739 
279.079732 
321.105412 
303.419956 
279.344940 
281.704393 
281.466818 
281.271078 
281.361757 
278.324480 
284.610791 
283.596462 
286.218979 
277.871137 
290.686705 
276.030214 
280.493384 
279.085596 
287.563656 
278.349323 
278.459143 
276.350462 
281.326420 
278.397684 
278.605146 
282.614536 
284.308238 
276.022772 
282.520987 
279.298733 
278.984081 
277.980690 
303.916038 
275.082833 
284.312099 
277.110629 
281.463930 
283.872453 
281.654411 
282.950225 
286.149763 
278.842067 
284.019730 
288.452725 
304.470102 
315.713348 
278.951534 
274.755091 
278.070484 
275.312730 
281.758340 
289.705991 
278.482267 
283.833755 
278.401958 
279.435576 
281.073859 
289.335624 
281.592736 
275.164176 
282.069427 
285.243287 
275.702850 
288.076329 
285.007148 
284.758294 
275.664443 
296.251614 
314.050157 
296.982781 
279.379493 
287.126986 
283.559687 
279.029016 
287.047258 
282.768392 
303.411258 
312.822308 
314.233843 
278.676352 
287.925812 
286.716743 
288.698672 
285.222705 
278.369440 
281.515732 
281.495993 
282.605304 
282.369786 
278.950517 
278.653894 
281.510949 
283.199788 
282.106221 
279.820390 
279.355153 
281.072982 
276.209675 
275.544918 
278.841941 
278.896924 
275.060410 
278.584643 
281.970574 
281.910719 
285.167233 
280.319248 
278.002994 
282.024628 
284.817326 
279.278433 
286.492207 
282.735517 
284.279185 
284.278063 
276.696762 
284.274792 
281.308123 
279.446354 
275.331420 
282.087629 
282.261426 
282.148977 
276.467784 
289.405298 
283.140228 
280.829412 
289.691576 
284.849775 
278.793294 
283.641376 
280.120938 
286.103801 
283.716999 
285.230148 
281.742010 
275.670123 
284.114912 
279.402487 
279.695206 
289.335520 
283.215816 
287.729334 
278.622760 
285.539638 
277.679019 
277.928122 
277.919519 
282.892145 
294.140181 
285.272729 
288.675747 
287.342810 
278.305624 
278.027289 
279.815347 
287.380574 
282.769318 
286.558212 
278.643326 
277.597244 
286.173550 
279.051422 
283.564083 
281.559842 
279.480572 
283.653852 
278.925247 
279.947983 
288.709184 
279.635343 
278.406925 
277.437729 
281.403500 
281.529249 
289.976963 
283.022760 
317.678313 
288.842422 
286.354026 
282.003534 
275.029316 
275.888741 
275.063320 
300.159219 
279.290345 
281.700259 
276.161914 
287.060848 
278.643031 
281.743065 
280.990594 
283.712834 
277.455373 
275.763488 
292.068760 
275.386227 
281.260347 
278.998041 
278.650436 
281.409481 
281.288967 
277.715238 
286.964033 
281.041608 
282.540154 
282.715799 
277.569315 
279.371373 
280.124908 
275.891344 
279.970777 
283.026760 
288.157107 
291.554197 
291.105558 
295.469546 
292.599657 
278.874938 
282.904718 
282.261818 
279.294541 
286.281095 
289.948904 
278.375671 
275.490441 
278.861360 
281.444233 
277.910362 
281.606687 
280.559082 
285.728208 
289.061522 
284.047797 
281.574931 
282.755651 
280.666061 
283.514265 
280.754605 
287.421200 
279.110878 
282.861990 
279.189902 
284.213632 
283.563094 
283.984039 
274.774365 
291.178095 
279.371050 
285.984001 
278.621562 
281.100595 
287.886887 
283.013937 
282.071421 
279.162321 
281.057278 
279.928863 
281.075198 
281.188533 
280.429581 
278.865684 
276.937276 
282.536360 
282.818052 
282.301853 
281.594741 
279.631191 
284.750063 
286.978190 
275.906323 
285.488205 
287.375785 
284.726940 
282.302425 
287.410810 
287.220642 
279.690220 
288.919539 
283.759733 
286.846141 
284.107091 
282.636306 
281.783045 
279.376037 
283.617581 
281.571818 
275.557712 
278.506369 
279.604282 
290.074451 
278.205928 
281.772769 
283.744537 
283.090033 
284.546416 
277.681798 
282.117830 
275.603022 
286.239335 
289.914415 
277.824231 
282.519386 
281.428101 
289.917503 
274.778497 
278.100724 
282.282044 
275.627425 
278.657636 
275.059332 
284.801471 
281.939887 
286.488026 
281.744589 
285.034188 
284.024603 
286.760138 
285.297456 
286.285616 
292.411600 
283.967050 
279.166756 
282.223834 
275.025878 
283.204446 
278.970075 
283.243851 
279.039947 
280.117109 
285.130474 
275.296964 
279.258638 
295.136206 
280.890344 
282.461953 
276.463599 
276.947530 
283.621099 
281.773620 
292.774317 
278.058152 
281.482969 
284.877171 
297.901193 
321.475411 
306.620969 
280.027398 
283.104670 
278.748534 
280.640093 
281.844971 
282.135032 
278.583695 
278.464444 
282.816559 
285.002940 
279.960538 
275.127304 
282.121917 
275.849668 
279.635000 
282.738492 
275.756197 
278.066102 
282.064762 
286.569782 
276.412398 
283.524408 
279.634442 
288.217308 
280.087580 
283.190711 
289.118374 
281.969809 
278.428339 
284.838619 
281.406437 
282.702814 
287.066378 
281.731605 
285.368635 
279.903382 
281.481841 
282.392113 
277.966213 
275.067103 
278.504139 
283.017683 
282.622873 
279.437904 
284.350658 
280.930715 
274.925136 
275.972445 
290.533182 
304.360319 
283.622648 
290.647080 
282.489565 
276.429378 
277.992635 
294.875573 
312.107303 
276.298633 
278.162270 
290.563927 
280.646441 
285.420811 
276.869174 
283.175518 
281.877073 
282.043662 
279.208604 
281.232042 
284.935332 
275.528436 
282.839327 
277.940633 
281.929256 
284.195576 
281.293059 
285.514498 
282.214194 
279.961774 
278.924195 
278.548509 
292.094689 
278.702863 
284.321869 
283.163827 
282.002239 
276.346352 
281.758427 
281.203698 
283.097514 
278.627502 
289.982210 
293.034900 
285.713170 
281.909065 
284.868614 
280.109593 
277.857428 
282.200147 
284.552154 
277.068789 
281.033195 
277.359101 
281.477654 
284.489730 
284.381390 
286.141711 
278.506921 
278.554652 
275.656643 
299.139138 
287.657590 
279.375427 
279.713174 
278.783797 
281.852780 
290.802997 
300.176057 
301.889326 
305.059987 
300.233228 
305.815387 
300.792858 
301.844931 
302.979343 
306.497314 
307.700760 
296.824465 
294.840519 
288.559240 
288.423181 
286.498834 
288.456626 
290.370151 
278.547176 
280.861524 
288.974195 
283.522414 
277.042202 
281.785568 
280.363451 
293.680091 
292.850716 
287.626083 
291.598411 
286.571854 
288.089925 
299.804004 
289.980782 
292.651754 
290.436995 
282.470357 
289.265119 
286.408506 
280.751522 
302.949467 
286.738487 
283.806858 
301.033409 
291.327362 
284.136976 
298.186962 
289.534844 
303.185877 
308.072173 
306.470429 
288.080923 
302.761167 
294.872555 
285.724962 
287.210792 
293.011237 
291.588583 
302.648200 
301.662087 
306.827650 
299.409108 
290.626962 
292.717027 
277.987979 
286.375007 
291.900050 
293.241897 
302.917862 
289.424733 
286.582542 
288.218054 
276.174435 
277.546576 
284.275418 
283.820355 
275.685549 
280.112483 
283.766107 
279.905192 
275.449898 
284.731132 
280.276419 
287.975785 
288.807018 
283.089607 
280.331006 
281.594799 
287.134662 
285.402760 
281.969084 
279.226675 
288.164522 
282.599167 
276.983934 
289.700216 
282.525789 
281.314611 
279.108894 
285.772960 
279.069471 
285.696839 
276.013077 
282.838136 
283.977590 
285.072938 
292.491028 
281.666826 
293.462700 
324.022834 
313.105563 
281.897765 
284.766952 
285.438516 
275.461634 
281.968680 
278.347266 
283.537557 
286.370513 
279.516842 
282.168310 
288.106357 
275.410834 
283.992691 
284.507265 
285.529980 
282.387376 
286.262189 
278.854550 
281.442241 
283.714240 
289.399141 
282.341684 
281.901900 
290.331060 
284.439818 
293.062358 
292.554504 
289.445126 
303.228057 
293.008526 
287.785272 
303.090720 
286.930407 
298.727299 
291.622783 
305.808959 
296.921183 
284.500037 
290.897269 
288.314730 
291.880933 
289.747599 
287.317517 
298.520512 
287.049722 
